block,chemical,chemical,chemical,chemical,chemical,chemical,chemical,chemical,chemical,chemical,chemical,chemical,chemical,chemical,chemical,chemical,chemical,chemical,chemical,chemical,chemical,chemical,chemical,chemical,chemical,chemical,chemical,chemical,chemical,chemical,environmental,environmental,environmental,environmental,environmental,environmental,environmental,taxa,taxa,taxa,taxa,taxa,taxa,taxa,taxa,taxa,taxa,taxa,taxa,taxa,taxa,taxa,taxa,taxa,taxa,taxa,taxa,taxa,taxa,taxa,taxa,taxa,taxa,taxa,taxa,taxa,taxa,taxa,taxa,chemical,chemical,chemical,chemical,chemical,chemical,chemical,chemical,chemical,chemical,chemical,chemical,chemical,chemical,chemical,chemical,chemical,chemical,chemical,chemical,chemical,chemical,chemical,chemical,chemical,chemical,chemical,chemical,chemical,chemical
subblock,raw,raw,raw,raw,raw,raw,raw,raw,raw,raw,raw,raw,raw,raw,raw,raw,raw,raw,raw,raw,raw,raw,raw,raw,raw,raw,raw,raw,raw,raw,raw,raw,raw,raw,raw,raw,raw,raw,raw,raw,raw,raw,raw,raw,raw,raw,raw,raw,raw,raw,raw,raw,raw,hellinger,hellinger,hellinger,hellinger,hellinger,hellinger,hellinger,hellinger,hellinger,hellinger,hellinger,hellinger,hellinger,hellinger,hellinger,hellinger,logz,logz,logz,logz,logz,logz,logz,logz,logz,logz,logz,logz,logz,logz,logz,logz,logz,logz,logz,logz,logz,logz,logz,logz,logz,logz,logz,logz,logz,logz
var,1234TCB,1245TCB,Al,As,Bi,Ca,Cd,Co,Cr,Cu,Fe,HCB,Heptachlor_Epoxide,Hg,K,Mg,Mn,Na,Ni,OC,OCS,Pb,QCB,Sb,V,Zn,mirex,ppDDD,ppDDE,total_PCB,Dissolved_Oxygen_Concentration_mgL,Latitude,Longitude,Median_Particle_Size_Phi,Total_Organic_Carbon_LOI_,Water_Depth_m,Water_Temperature_C,Acari,Amphipoda,Caenis,Ceratopogonidae,Chironomidae,Dreissena,Gastropoda,Hexagenia,Hirudinea,Hydropsychidae,Hydrozoa,Nematoda,Oligochaeta,Other_Trichoptera,Sphaeriidae,Turbellaria,Acari,Amphipoda,Caenis,Ceratopogonidae,Chironomidae,Dreissena,Gastropoda,Hexagenia,Hirudinea,Hydropsychidae,Hydrozoa,Nematoda,Oligochaeta,Other_Trichoptera,Sphaeriidae,Turbellaria,1234TCB,1245TCB,Al,As,Bi,Ca,Cd,Co,Cr,Cu,Fe,HCB,Heptachlor_Epoxide,Hg,K,Mg,Mn,Na,Ni,OC,OCS,Pb,QCB,Sb,V,Zn,mirex,ppDDD,ppDDE,total_PCB
StationID,,,,,,,,,,,,,,,,,,,,,,,,,,,,,,,,,,,,,,,,,,,,,,,,,,,,,,,,,,,,,,,,,,,,,,,,,,,,,,,,,,,,,,,,,,,,,,,,,,,
A10,0.835582519,0.775731583,3041,1.939,18.45,28170,0.295,2.723,8.766,17.64,7462,0.626256691,0,0.03831,504.5,13530,133.3,118.2,7.328,3.436193279,0.283217393,6.515,0.12582363,25.83,13.62,39.01,0,0.523188449,0.239244533,2.493819826,10.21,42.9,-82.47,1.73,3.44,1.8,19.17,3.20E-16,3.20E-16,3.20E-16,3.20E-16,2.077683438,3.20E-16,3.20E-16,3.20E-16,3.20E-16,3.20E-16,3.20E-16,1.727234056,6.576942114,3.20E-16,3.20E-16,3.20E-16,5.55E-09,5.55E-09,5.55E-09,5.55E-09,0.447354812,5.55E-09,5.55E-09,5.55E-09,5.55E-09,5.55E-09,5.55E-09,0.407885269,0.795929193,5.55E-09,5.55E-09,5.55E-09,2.11538945,0.168932128,-0.583911858,0.208181656,0.386520419,-9.18E-05,-0.181615627,-0.914169494,-0.151035841,0.521477024,-0.421994563,-0.541058959,-0.318234281,-0.654873437,-0.698605338,0.125247732,-0.447388072,-0.066606162,-0.464140723,1.036028615,-0.312164748,0.280413463,-0.737302932,0.703622502,-0.289329599,0.099915935,-0.593025552,-0.190979058,-0.343200298,-0.397415609
A23,0.639982992,0.69726475,4483,2.512,17.03,42110,0.3986,4.009,10.85,17.28,8600,6.168431822,0,0.3643,1052,21120,183.4,148.1,11,3.226637088,0,4.873,0.927448172,8.575,15.18,41.31,0.193857476,0.781357282,0.45277387,6.775272094,10.9,42.57,-82.58,1.97,3.23,3,19.1,3.20E-16,3.20E-16,0.599759503,0.174874217,4.900431127,3.20E-16,0.927564164,2.818993889,3.20E-16,3.20E-16,3.20E-16,2.427993154,5.8729049,3.20E-16,1.022138977,0.599759503,4.07E-09,4.07E-09,0.176080279,0.095079096,0.503314329,4.07E-09,0.218974796,0.381741361,4.07E-09,4.07E-09,4.07E-09,0.354279382,0.550996239,4.07E-09,0.229867263,0.176080279,1.534215186,0.082343858,0.041775908,0.54235314,0.32455503,0.814274218,0.180794497,0.005738807,0.181457306,0.499513323,-0.136950157,0.75720243,-0.318234281,0.275677779,0.334531454,1.126414475,0.30301121,0.588235629,0.218056265,0.912074187,-0.687740036,-0.023640024,0.328420138,-0.117356551,-0.041386984,0.190801964,0.111416924,0.077590343,0.137696305,0.365409986
A27,0.451837823,0.815149129,13620,2.759,0.0537,41610,0.218,6.273,21.08,25,16940,0.273647242,0,0.1036,2584,15140,283.8,140,18.99,2.80264238,0.454157295,5.02,0.114866856,0,28.66,56.28,0.514212688,1.825672577,0.45843343,7.429817452,10.3,42.56,-82.42,1.32,2.8,1,18.4,3.20E-16,3.20E-16,3.20E-16,3.20E-16,3.163530775,3.20E-16,3.20E-16,1.317615102,3.20E-16,3.20E-16,3.20E-16,1.802218943,6.402280297,1.58016949,1.317615102,0.996406735,4.40E-09,4.40E-09,4.40E-09,4.40E-09,0.436813358,4.40E-09,4.40E-09,0.281905897,4.40E-09,4.40E-09,4.40E-09,0.329695982,0.621408545,0.308717832,0.281905897,0.245147916,0.905693018,0.210996015,1.833526877,0.669869438,-1.996574812,0.790078306,-0.470280266,1.161978272,1.251275669,0.896266128,1.224509412,-0.754951978,-0.318234281,-0.44704128,1.598878721,0.378016751,1.33187983,0.424806896,1.171131593,0.641289159,-0.123818667,0.00684936,-0.756687364,-1.917416857,1.440670076,0.683375546,1.056450685,0.868995161,0.149457975,0.442485343
A28,0.224379144,0.483363489,12750,2.609,0.06617,33280,0.1197,5.824,18.7,24.07,16270,0.93738752,0,0.1568,2320,14040,242.5,119.7,18.16,3.201398989,0.144927153,4.57,0.224761622,0,26.02,52.7,0,1.867356149,0.586789192,2.122595354,12.8,42.55,-82.42,1.4,3.2,0.5,18.9,3.20E-16,3.20E-16,3.20E-16,3.20E-16,4.243152632,3.20E-16,3.20E-16,2.049286938,2.863547385,3.20E-16,3.20E-16,2.771800327,5.867874308,2.049286938,2.863547385,3.20E-16,3.76E-09,3.76E-09,3.76E-09,3.76E-09,0.432265069,3.76E-09,3.76E-09,0.300405031,0.355105993,3.76E-09,3.76E-09,0.349370946,0.508330556,0.300405031,0.355105993,3.76E-09,0.026801771,-0.175739382,1.727090669,0.593468728,-1.986958363,0.33758036,-0.866540318,0.964411438,1.055216012,0.855244201,1.143462857,-0.387848671,-0.318234281,-0.286591445,1.44721687,0.208433747,0.961048093,-0.030017638,1.09193229,0.896732675,-0.483903827,-0.088968853,-0.570350566,-1.917416857,1.212691546,0.578433235,-0.593025552,0.894114481,0.404617982,-0.504533267
A29,0.299714567,0.695356488,23740,3.735,0.1529,40450,0.1536,9.618,44.37,44.72,27500,1.294263787,0,0.3743,4163,15470,368.8,160.9,35.38,6.180718286,0.831924179,9.589,0.373344239,0.1145,43.92,95.8,0.986736583,0.374731219,0.497881187,5.937485313,9.7,42.51,-82.43,1.07,6.18,0.5,19.3,3.20E-16,3.20E-16,3.20E-16,3.20E-16,5.181663838,3.20E-16,3.20E-16,2.782901878,3.20E-16,3.20E-16,3.20E-16,4.616440732,5.181663838,3.20E-16,3.20E-16,3.20E-16,4.25E-09,4.25E-09,4.25E-09,4.25E-09,0.540107851,4.25E-09,4.25E-09,0.395817344,4.25E-09,4.25E-09,4.25E-09,0.509799617,0.540107851,4.25E-09,4.25E-09,4.25E-09,0.334785434,0.080188567,2.729470388,1.102937018,-1.923033159,0.732805133,-0.726086185,2.335112569,2.489272892,1.531945625,2.197585461,-0.239879005,-0.318234281,0.300566699,2.27006263,0.426493997,1.950070192,0.829211308,2.28941618,2.269688984,0.223999036,0.703332004,-0.343398513,-1.831040728,2.45577583,1.536552137,2.136225987,-0.366882331,0.23019195,0.256692257
A5,0.182194323,0.252476985,2283,2.233,20.11,41360,0.2387,2.702,8.566,9.582,8410,0.184464436,0,0.02041,341.5,12330,144.5,125,6.156,1.098009622,0.569762617,3.7,0.375648637,28.79,20.49,19.09,0,0.474566573,0.279665776,1.524323113,9.03,42.88,-82.46,-1.3,1.1,5,19.78,3.20E-16,0.786293307,3.20E-16,3.20E-16,4.142957954,4.362134417,3.20E-16,3.20E-16,3.20E-16,4.362134417,3.20E-16,3.20E-16,2.602281977,5.300335979,3.20E-16,3.20E-16,3.85E-09,0.190988321,3.85E-09,3.85E-09,0.438399232,0.449846187,3.85E-09,3.85E-09,3.85E-09,0.449846187,3.85E-09,3.85E-09,0.347449506,0.495868159,3.85E-09,3.85E-09,-0.154043224,-0.499888892,-1.046060761,0.387055138,0.453463439,0.777871102,-0.390922784,-0.931707147,-0.18660536,-0.116135128,-0.18181562,-0.818485404,-0.318234281,-0.714138592,-1.246640348,-0.08355202,-0.257794845,0.095716086,-0.747401112,-0.882096093,-0.008605752,-0.298424241,-0.340075495,0.787007684,0.652687309,-1.020275807,-0.593025552,-0.246627398,-0.246106131,-0.707353426
A53,0.191789448,0.624158656,6051,1.607,19.94,55720,0.4141,4.041,11.97,15.07,9710,1.39763132,0,0.3774,1167,24210,186.6,153.3,11.49,2.938353347,0.198749225,4.12,0.394816441,9.915,15.8,43.66,0.427624254,0.198326155,0,1.508569565,8.7,42.45,-82.47,2.11,2.94,5.2,22.28,3.20E-16,2.482114093,1.102180395,3.20E-16,3.767091052,2.421640234,3.20E-16,3.20E-16,3.20E-16,3.20E-16,3.20E-16,5.619563776,4.810660067,3.20E-16,1.615519968,3.20E-16,3.83E-09,0.337284002,0.224755958,3.83E-09,0.415516171,0.333149897,3.83E-09,3.83E-09,3.83E-09,3.83E-09,3.83E-09,0.507500149,0.469555797,3.83E-09,0.272107829,3.83E-09,-0.11234859,-0.002009589,0.525350389,-0.016710106,0.446854408,1.38156936,0.232695059,0.025482703,0.336703361,0.354396823,0.106839805,-0.201310018,-0.318234281,0.308245502,0.480452554,1.433406046,0.343734058,0.688537383,0.292800072,0.731114576,-0.414717378,-0.192863255,-0.312648676,-0.01299175,0.050572752,0.27869728,0.822349317,-0.602453403,-0.992073942,-0.713323133
A58,0.131591365,3.659388883,9858,2.099,29.01,48010,0.4525,5.981,18.76,27.51,15570,1.552119285,0,0.9539,2155,32070,295.7,202,18.07,3.665897031,1.435585583,14.68,3.593555258,15.4,25.34,57.89,0,1.816253118,0.331658553,5.576248654,9.94,42.42,-82.74,2.2,3.67,6.2,16.94,3.20E-16,3.20E-16,3.20E-16,3.20E-16,2.25507312,3.87570589,3.8285856,3.20E-16,3.20E-16,3.20E-16,3.20E-16,4.008481477,5.69886844,3.20E-16,1.937415463,0.557481764,3.80E-09,3.80E-09,3.80E-09,3.80E-09,0.318991891,0.418191051,0.415641123,3.80E-09,3.80E-09,3.80E-09,3.80E-09,0.425294013,0.50710004,3.80E-09,0.295672348,0.158604192,-0.379688862,2.017149028,1.312290723,0.307636125,0.741003481,1.079887149,0.358863138,1.034934221,1.060443629,1.000056178,1.055141946,-0.14666073,-0.318234281,1.4997922,1.343398587,2.065525895,1.428769677,1.491112093,1.083139049,1.165345667,0.652965068,1.187491044,2.049762761,0.311413792,1.15035796,0.728449048,-0.593025552,0.863267497,-0.1256307,0.205699228
A6,0.151561159,0.214879823,12420,5.494,0.1289,38480,0.3965,6.702,19.25,33.19,18380,0.981242726,0,0.06307,1984,18950,401.1,167.3,17.87,4.904176904,0,9.353,0.313651818,0,32.25,78.52,0,1.577833538,0.618624455,4.529056512,9.25,42.97,-82.42,1.73,4.9,1.5,20.15,3.20E-16,3.20E-16,3.20E-16,3.20E-16,2.718047158,3.20E-16,3.20E-16,3.20E-16,3.20E-16,3.20E-16,3.20E-16,2.475316518,6.505562152,3.20E-16,3.20E-16,3.20E-16,5.23E-09,5.23E-09,5.23E-09,5.23E-09,0.482009391,5.23E-09,5.23E-09,5.23E-09,5.23E-09,5.23E-09,5.23E-09,0.45998363,0.745709063,5.23E-09,5.23E-09,5.23E-09,-0.289458093,-0.558281797,1.684806608,1.695604609,-1.940228159,0.63166821,0.173718601,1.339665734,1.10255104,1.204664841,1.388362203,-0.368258551,-0.318234281,-0.574558028,1.227061506,0.882665582,2.148275621,0.942643292,1.063449007,1.768288429,-0.687740036,0.675534049,-0.431477528,-1.917416857,1.720086779,1.216809894,-0.593025552,0.71153255,0.464707334,0.04030194
A66,0,0,6261,2.104,18.12,15640,0.09205,5.084,12.3,12.74,9834,0.173248825,0,0.03719,1287,8682,162.1,102.9,11.11,1.838213633,0.331535467,4.095,0.349762838,9.82,19.04,28.83,0,0.366567895,0.147877282,1.024807774,10.38,42.63,-82.78,1.44,1.84,2.7,20.67,3.20E-16,1.960720012,3.20E-16,3.20E-16,5.648855221,4.464301023,1.616412139,3.20E-16,3.20E-16,3.20E-16,3.20E-16,3.448551514,3.871485259,0.498989278,0.869039322,3.20E-16,3.78E-09,0.296001371,3.78E-09,3.78E-09,0.502419115,0.446645197,0.268758361,3.78E-09,3.78E-09,3.78E-09,3.78E-09,0.392558415,0.415934301,0.149324662,0.197063252,3.78E-09,-1.017336824,-0.931202903,0.580357374,0.310660698,0.372533328,-1.192012029,-0.984284948,0.608537079,0.379893639,0.177983389,0.13232368,-0.826811996,-0.318234281,-0.658551576,0.618135161,-0.872168272,0.012481892,-0.468537921,0.23509779,-0.108025412,-0.256496147,-0.198900004,-0.377727784,-0.019957015,0.481847867,-0.377513943,-0.593025552,-0.377098556,-0.574879519,-0.917617901
DBC2,0.205124418,4.570087946,6158,2.28,23.45,45630,0.6177,5.102,12.22,24.11,11040,12.72139285,0,1.22,1314,23100,207.6,199.8,14.79,2.54,8.648632272,8.798,2.661558167,14.53,17.49,51.17,0,3.071919709,0,12.67048329,7.3,42.51,-82.58,2.06,2.54,4.5,22.54,1.29235498,3.20E-16,3.181823585,0.870390249,4.117371535,3.20E-16,3.20E-16,3.678211911,3.20E-16,3.20E-16,3.20E-16,3.307820697,5.704283159,3.20E-16,3.20E-16,1.29235498,0.234784485,3.70E-09,0.368397379,0.192679492,0.419071872,3.70E-09,3.70E-09,0.396092717,3.70E-09,3.70E-09,3.70E-09,0.375620653,0.493263547,3.70E-09,3.70E-09,0.234784485,-0.054956898,2.359188441,0.553612152,0.414133355,0.573522538,0.976894498,0.866113558,0.617696312,0.369522486,0.857039681,0.364639996,1.325436028,-0.318234281,1.934928186,0.647342058,1.327887148,0.59488361,1.459230583,0.730652159,0.457958805,2.726296883,0.607581329,1.600297825,0.267982898,0.284980996,0.531431881,-0.593025552,1.495723369,-0.992073942,0.903510822
DCC2,0,0.408861939,8272,0.0001,21.51,12980,0.2797,5.551,15.74,12.36,10620,0.482682488,0,0.288,1536,8481,99.25,166.4,15.17,6.9,0,7.868,0,13.86,18.39,42.57,0,0,0,3.675157278,8.68,42.5,-82.53,1.65,6.9,1,26.62,0.701597672,3.318611207,2.775158341,3.20E-16,5.17285026,1.72091361,3.801534553,3.20E-16,3.20E-16,3.20E-16,3.20E-16,1.809504669,4.97637129,0.701597672,3.20E-16,0.701597672,0.165290839,0.359486762,0.328737008,3.53E-09,0.448817382,0.258871505,0.384754923,3.53E-09,3.53E-09,3.53E-09,3.53E-09,0.265451124,0.440211215,0.165290839,3.53E-09,0.165290839,-1.017336824,-0.274465624,1.029461465,-1.814242204,0.505949509,-1.569621709,-0.237582275,0.837828068,0.775330405,0.146397455,0.286746529,-0.621950909,-0.318234281,0.079543063,0.866957641,-0.924827074,-1.139507732,0.926955188,0.775064867,2.514225241,-0.687740036,0.48458503,-0.972207638,0.232844222,0.401211411,0.238518761,-0.593025552,-0.912801333,-0.992073942,-0.119666668
DCE3,0,1.030030857,18180,2.156,38.56,47560,0.5823,9.169,25.96,28.83,21970,9.116319036,0,0.2807,3836,19450,420.4,249.9,27.9,5.31,1.222390925,7.091,0.857339251,25.72,35.11,75.6,0,0.83866617,0.627908013,8.063019808,6.91,42.49,-82.44,1.82,5.31,3.3,22.68,3.20E-16,3.20E-16,3.20E-16,3.20E-16,3.892813736,3.20E-16,3.20E-16,2.007029757,3.20E-16,3.20E-16,3.20E-16,5.538249245,5.272598711,3.20E-16,3.20E-16,3.20E-16,4.38E-09,4.38E-09,4.38E-09,4.38E-09,0.482652546,4.38E-09,4.38E-09,0.346561006,4.38E-09,4.38E-09,4.38E-09,0.575690468,0.561713872,4.38E-09,4.38E-09,4.38E-09,-1.017336824,0.425353608,2.299187162,0.341830551,0.966834857,1.060810966,0.761922516,2.201154292,1.594531839,1.051028285,1.746685486,1.058672783,-0.318234281,0.060172449,2.154922766,0.941217291,2.259242566,2.110943493,1.859540403,1.938570556,0.515001483,0.371494679,0.25498054,0.700349059,1.921881023,1.155977267,-0.593025552,0.131906051,0.48200768,0.511551126
DJC2,0,7.420847054,5411,1.815,19.75,40660,0.5389,4.612,11.84,15.47,9552,43.44580779,0,1.178,1113,19790,193.7,160.2,13.16,2.06,17.83616087,6.438,5.25335709,12.98,15.59,44.99,0,0,0,18.49763565,7.25,42.49,-82.51,2.13,2.06,10,22.77,3.20E-16,3.20E-16,3.20E-16,3.20E-16,2.347923303,3.20E-16,3.20E-16,1.807354922,3.20E-16,3.20E-16,3.20E-16,1.373458396,6.482349624,3.20E-16,1.710493383,1.095157233,4.65E-09,4.65E-09,4.65E-09,4.65E-09,0.398075702,4.65E-09,4.65E-09,0.349257257,4.65E-09,4.65E-09,4.65E-09,0.30446086,0.661439218,4.65E-09,0.339769519,0.271870417,-1.017336824,3.151030047,0.345110392,0.127306559,0.439404049,0.743294314,0.630957438,0.358163763,0.319386534,0.382086333,0.073892779,2.354058936,-0.318234281,1.869834329,0.41381187,0.980178958,0.431661488,0.816533622,0.52716825,0.084707457,3.733816603,0.267711617,2.661160097,0.184204266,0.019810785,0.326414662,-0.593025552,-0.912801333,-0.992073942,1.242086338
GL1,0,0,2421,0.0001,18.26,31440,0.2043,2.296,4.908,2.861,4482,0.292410486,0,0.04875,437.2,9762,114.5,140.7,4.675,1.07,0,2.414,0,21.63,7.873,16.07,0,0.653454357,0.649640681,0.609753514,8.04,42.51,-82.52,1.61,1.07,0.4,26.89,1.330645312,3.713829095,2.010888316,3.20E-16,5.036423408,3.20E-16,3.100264123,4.896653487,3.20E-16,3.20E-16,3.20E-16,2.010888316,3.334984248,2.010888316,3.20E-16,3.20E-16,0.220189122,0.367854153,0.270681567,3.42E-09,0.428376683,3.42E-09,0.336096549,0.422390744,3.42E-09,3.42E-09,3.42E-09,0.270681567,0.348587332,0.270681567,3.42E-09,3.42E-09,-1.017336824,-0.931202903,-0.951457245,-1.814242204,0.378496502,0.222370577,-0.523547072,-1.291860572,-1.015011354,-1.251615968,-1.445642671,-0.742152822,-0.318234281,-0.620777556,-0.899745702,-0.608585258,-0.804338402,0.439296327,-1.180457429,-0.916524878,-0.687740036,-0.692684689,-0.972207638,0.567974544,-1.510579329,-1.285157379,-0.593025552,-0.05021734,0.522124745,-1.136365036
MCE2,0,7.722285301,7544,3.101,24.86,49190,0.6976,5.984,14.2,20.37,12260,26.27437641,0,0.6435,1710,21710,239.3,219.8,16.65,4.23,8.716411429,8.988,3.944138406,15.83,21.23,56.56,0,3.179660085,0,24.74287448,7.37,42.59,-82.44,1.87,4.23,3,22.4,3.20E-16,3.20E-16,3.20E-16,0.919049109,4.455189901,3.20E-16,3.20E-16,1.587102998,3.20E-16,3.20E-16,3.20E-16,3.574481854,6.049981918,3.20E-16,3.20E-16,3.20E-16,4.39E-09,4.39E-09,4.39E-09,0.23539708,0.518280444,4.39E-09,4.39E-09,0.309338709,4.39E-09,4.39E-09,4.39E-09,0.464235407,0.603960798,4.39E-09,4.39E-09,4.39E-09,-1.017336824,3.21841397,0.880921844,0.833239927,0.619350552,1.129072362,1.09313529,1.036266293,0.60943591,0.675406007,0.575143723,1.926683798,-0.318234281,0.910206442,1.017941127,1.188360009,0.929736091,1.737031527,0.938624273,1.457700925,2.736839814,0.631268302,2.195540832,0.33203591,0.73548125,0.691304708,-0.593025552,1.540519924,-0.992073942,1.507054811
S1,0,0,1501,2.096,25.8,43640,0.4436,2.096,3.674,0,5352,0.44364315,0,0.01828,319.8,10920,140.6,85.36,3.578,0.413421431,0.527392533,1.671,0.231488381,32.71,10.03,14.01,0,0.215673676,0.578356427,0.275905397,10.03,43.01,-82.41,1.43,0.41,4.6,20.77,3.20E-16,3.20E-16,3.20E-16,3.20E-16,5.672425342,3.20E-16,3.20E-16,3.20E-16,3.20E-16,3.20E-16,3.20E-16,2.584962501,5.523561956,3.20E-16,3.20E-16,3.20E-16,4.82E-09,4.82E-09,4.82E-09,4.82E-09,0.641571139,4.82E-09,4.82E-09,4.82E-09,4.82E-09,4.82E-09,4.82E-09,0.433099366,0.633096685,4.82E-09,4.82E-09,4.82E-09,-1.017336824,-0.931202903,-1.721949331,0.305819038,0.648534606,0.88656779,0.32992056,-1.485941334,-1.417762693,-2.773048115,-1.089410595,-0.645303639,-0.318234281,-0.721259925,-1.338788152,-0.35656975,-0.322104846,-1.00953538,-1.581629879,-1.893855145,-0.049816013,-0.995376908,-0.559494232,0.885507599,-0.978414547,-1.49427589,-0.593025552,-0.57779947,0.38849905,-1.358002811
S10,0.215799813,0.554585861,2726,1.377,22.45,17590,0.435,2.803,5.492,6.678,6158,0.685745743,1.841626262,0.05103,490.3,8300,87.13,72.49,5.456,1.086935611,0.224356532,4.83,0.172998643,34.47,11.38,31.73,1.269485323,0.43844962,1.274392275,7.644197703,10.12,42.91,-82.46,1.54,1.09,1.5,19.12,1.350716518,3.20E-16,3.20E-16,3.20E-16,5.350259666,3.20E-16,3.20E-16,3.20E-16,3.20E-16,3.20E-16,0.331588206,1.196600538,5.78825675,1.024030069,0.331588206,1.350716518,0.284194185,4.38E-09,4.38E-09,4.38E-09,0.565614472,4.38E-09,4.38E-09,4.38E-09,4.38E-09,4.38E-09,0.140809715,0.267490079,0.58831101,0.247451128,0.140809715,0.284194185,-0.009467471,-0.085889225,-0.760189714,-0.189992375,0.539389095,-0.954008309,0.301783559,-0.848253683,-0.852971492,-0.47741937,-0.80770773,-0.509615871,6.372032385,-0.613376496,-0.738718781,-0.973325171,-1.444499791,-1.481691036,-0.939652432,-0.895652756,-0.382883495,-0.032703063,-0.655941903,0.926058149,-0.696043618,-0.226653898,2.665223607,-0.28916461,1.493627668,0.466432988
S100,0.159587324,0.41679582,2736,1.238,0.04606,12150,0.322,5.077,19,19.39,13880,9.472792576,0,0.1745,371.8,7046,141.5,92.19,15.04,2.092008527,0.439875353,11.77,0.56528463,0.04967,10.44,83.36,0.274494542,5.951278726,1.285332221,61.30216037,9.12,42.07,-83.18,1.54,2.09,2.8,19.35,3.20E-16,3.20E-16,3.20E-16,3.20E-16,3.225220681,3.20E-16,3.20E-16,3.20E-16,3.20E-16,3.20E-16,3.20E-16,4.820319255,6.021391865,3.20E-16,0.525628361,3.20E-16,4.69E-09,4.69E-09,4.69E-09,4.69E-09,0.470125677,4.69E-09,4.69E-09,4.69E-09,4.69E-09,4.69E-09,4.69E-09,0.574740968,0.642366227,4.69E-09,0.189790141,4.69E-09,-0.253633036,-0.263706655,-0.754287086,-0.303042284,-2.00252291,-1.703470801,-0.084445038,0.604967834,1.08119656,0.622537593,0.824390136,1.088981335,-0.318234281,-0.234840751,-1.127297991,-1.341550638,-0.307108236,-0.786833887,0.759989602,0.111363109,-0.138683816,0.934309062,-0.084106465,-1.878792064,-0.889159147,1.312884218,0.371264934,2.413102698,1.508143312,2.34987256
S101,0.145651467,0.483544852,3464,1.908,14.95,19420,0.1672,3.153,9.429,10.67,7921,0.297513246,0,0.03865,614.3,8217,135,112,7.289,1.784232365,0.532712767,6.291,0.119681655,7.911,15.34,25.79,0.852716519,1.397634536,1.148841953,7.206075378,9.64,42.35,-82.95,1.22,1.78,7,18.54,3.20E-16,3.683324774,2.373282005,3.20E-16,1.921229298,6.178487015,3.20E-16,3.20E-16,3.20E-16,2.048197293,1.259259362,3.20E-16,2.164889412,3.20E-16,3.20E-16,1.455312899,3.90E-09,0.41796863,0.335504504,3.90E-09,0.301865362,0.541333308,3.90E-09,3.90E-09,3.90E-09,0.311680459,0.244388787,3.90E-09,0.320436175,3.90E-09,3.90E-09,0.262725284,-0.315996177,-0.175505149,-0.373955984,0.188287367,0.224362402,-0.75352915,-0.67089553,-0.575292343,-0.038125151,-0.005915931,-0.302116435,-0.738704158,-0.318234281,-0.653757645,-0.421879556,-0.995919366,-0.417614633,-0.222888876,-0.472907153,-0.157214386,-0.044579084,0.243093258,-0.748145791,-0.174620715,-0.017322394,-0.552290497,1.858565463,0.58722801,1.321855239,0.416833497
S102,0.145524859,0.549319379,3098,2.239,17.68,38220,0.1922,3.21,9.084,11.43,8784,0.374967637,0,0.03971,408.7,18080,168.8,144.6,7.364,1.29918337,0.16117573,1.94,0.119451322,8.791,19.63,22,0,0.115419453,0.126381223,2.346891761,10.1,42.35,-82.92,-1.07,1.3,1.5,18.33,3.20E-16,0.769116118,3.20E-16,3.20E-16,1.268105395,3.20E-16,0.769116118,3.20E-16,3.20E-16,3.20E-16,3.914995645,6.369643422,3.20E-16,3.20E-16,3.20E-16,1.268105395,4.72E-09,0.231436907,4.72E-09,4.72E-09,0.297176413,4.72E-09,0.231436907,4.72E-09,4.72E-09,4.72E-09,0.52215844,0.666030659,4.72E-09,4.72E-09,4.72E-09,0.297176413,-0.316566219,-0.09239076,-0.553975165,0.390533771,0.353503583,0.617934915,-0.571099315,-0.533028697,-0.095953416,0.06513856,-0.094436328,-0.687960103,-0.318234281,-0.65028134,-0.994422618,0.777003083,0.107770295,0.518735349,-0.456084996,-0.647545956,-0.4626799,-0.87703306,-0.74855357,-0.099581831,0.552807901,-0.800317866,-0.593025552,-0.725434557,-0.632065665,-0.438385156
S11,0.266168786,0.776684221,2691,2.142,26.15,20410,0.425,3.052,5.049,3.99,5371,4.449395982,0,1.013,640.3,8944,101.3,74.24,5.81,1.013021831,0.61892559,8.29,0.814269623,34.48,10.85,25.79,0.345589922,0.148725187,0.124947438,5.146739728,8.63,42.84,-82.47,1.53,1.01,1.5,20.05,3.20E-16,3.20E-16,3.20E-16,3.20E-16,4.876972618,3.20E-16,3.20E-16,3.20E-16,3.20E-16,3.20E-16,3.20E-16,2.020330998,6.101935543,0.72685025,3.20E-16,0.284917524,4.78E-09,4.78E-09,4.78E-09,4.78E-09,0.58998434,4.78E-09,4.78E-09,4.78E-09,4.78E-09,4.78E-09,4.78E-09,0.379731469,0.659931918,0.227765425,4.78E-09,0.142601767,0.199910682,0.169959689,-0.781020733,0.333489479,0.659140205,-0.652813038,0.268853302,-0.65162532,-0.974467381,-0.962731137,-1.082294322,0.517241099,-0.318234281,1.60134715,-0.36361311,-0.805329401,-1.091594349,-1.412835677,-0.839956753,-0.988022501,0.037839615,0.541920484,0.208477275,0.926282754,-0.803046935,-0.552290497,0.587074112,-0.674965554,-0.63591871,0.141291348
S12,0.891611379,1.281155748,3476,0,31.41,36960,0.5567,3.235,6.485,3.623,7685,45.78167289,0,0.8653,890,13260,162.8,112.7,6.815,1.50549641,2.13313123,4.354,2.589561955,45.38,15.78,32.06,0.762422576,0.397468583,0.265262664,10.85894918,9.21,42.83,-82.47,-0.99,1.51,6,20.08,3.20E-16,1.753043802,1.555646934,3.20E-16,3.659688393,3.84419169,1.92665385,3.20E-16,2.521397372,4.880111264,3.20E-16,3.20E-16,4.271945938,4.083066611,0.517058436,3.20E-16,3.32E-09,0.245811122,0.231558466,3.32E-09,0.355162578,0.364005263,0.257695594,3.32E-09,0.294798856,0.410128555,3.32E-09,3.32E-09,0.383723167,0.375144323,0.133498062,3.32E-09,2.270473605,0.648807642,-0.368380884,-1.814429809,0.803889502,0.550029602,0.685112534,-0.51467223,-0.608303664,-1.048764957,-0.362859082,2.398886909,-0.318234281,1.341641187,0.099347684,0.079929579,0.022618769,-0.204820209,-0.582878614,-0.427422669,1.032268195,-0.137747448,1.560936687,1.139740686,0.047659656,-0.210341444,1.659928009,-0.338743641,-0.280346964,0.767952325
S13,0.321967484,0.729834259,5987,1.417,28.16,31330,0.3477,5.707,13.05,1.623,13800,4.773776785,0.139123738,0.04153,1351,11040,194.5,127.3,10.88,1.081973582,0.651579362,3.209,0.785426863,20.95,21.94,26.21,0.627965779,0.142238964,0.921138937,34.07173289,10,42.75,-82.47,-0.67,1.08,1,20.61,3.20E-16,3.20E-16,1.536171062,3.20E-16,6.253552764,0.963561989,0.560773035,3.20E-16,3.20E-16,0.560773035,3.20E-16,1.944991952,3.953201081,0.560773035,2.031354959,3.20E-16,4.18E-09,4.18E-09,0.289216133,4.18E-09,0.583533959,0.229056466,0.174741591,4.18E-09,4.18E-09,0.174741591,4.18E-09,0.32543303,0.463956409,0.174741591,0.332579622,4.18E-09,0.422348765,0.118760591,0.50820635,-0.158683477,0.717517985,0.215270982,0.006220754,0.910792987,0.474195903,-1.687018802,0.812781276,0.567845998,0.516205737,-0.644320848,0.686406967,-0.331999331,0.441367117,0.148642387,0.199286427,-0.901750563,0.067915256,-0.434503971,0.176713723,0.543665188,0.812367652,-0.526996009,1.344428741,-0.684678552,0.98301963,1.801940157
S14,0.872566162,0.331682248,4349,0,32.49,42280,0.5412,3.923,7.635,5.133,8337,2.179581693,0,0.2515,1148,16420,174.8,138.1,8.159,1.189060642,0.274233835,3.136,0.269948628,49.73,15.46,34.04,0,0.111837713,0.115365557,3.939782683,9.75,42.69,-82.49,1.63,1.19,6.5,20.61,3.20E-16,3.20E-16,0.561878888,3.20E-16,5.985977433,3.20E-16,1.94753258,1.538419915,3.20E-16,1.94753258,2.115477217,3.328781766,4.142957954,0.561878888,3.20E-16,3.20E-16,3.80E-09,3.80E-09,0.159340568,3.80E-09,0.520082859,3.80E-09,0.29665206,0.263658908,3.80E-09,0.29665206,0.309178424,0.387835594,0.432673469,0.159340568,3.80E-09,3.80E-09,2.218279142,-0.382406124,-0.007149708,-1.814429809,0.830683019,0.822435429,0.637990144,-0.047954489,-0.36261762,-0.730451601,-0.19932346,0.045728271,-0.318234281,-0.018430136,0.457362893,0.560483022,0.189964565,0.385112848,-0.286508029,-0.773271725,-0.3227457,-0.456081823,-0.498539764,1.211171723,0.000571911,-0.115760834,-0.593025552,-0.730951553,-0.661795097,-0.067163497
S15,0.333592392,0.296597252,4881,2.871,25.32,41210,0.7198,5.157,8.552,9.983,11080,3.488485142,0.771743534,0.419,1191,16460,211.8,123.2,12.67,3.235636646,0,4.145,0.474679491,17.16,17.1,46.78,0,0.219846414,0,9.648349332,10.29,42.67,-82.51,1.57,3.24,2.9,20.61,3.20E-16,3.20E-16,1.91753784,3.20E-16,6.040340464,0.693572999,1.256339753,0.693572999,3.20E-16,4.204631519,3.20E-16,2.493040011,3.017702002,3.20E-16,3.20E-16,0.693572999,3.90E-09,3.90E-09,0.302103485,3.90E-09,0.536184769,0.18168951,0.244532909,0.18168951,3.90E-09,0.447350302,3.90E-09,0.344467607,0.378984929,3.90E-09,3.90E-09,0.18168951,0.467507432,-0.433560057,0.178910216,0.724952799,0.633762328,0.770511313,1.154317147,0.64551637,-0.189123008,-0.07424652,0.371903262,0.347463515,3.345762713,0.409650371,0.509087374,0.565953192,0.642067042,0.053617169,0.461396755,0.917522612,-0.687740036,-0.186855911,-0.202291323,0.392638043,0.232846623,0.388502064,-0.593025552,-0.571921758,-0.992073942,0.665271945
S16,0.383229312,0.14441998,5134,4.159,27.44,30020,0.6733,6.012,9.109,5.975,13440,0.955994622,0,0.0428,1069,10990,215.6,116.5,15.97,1.53380776,0.221165773,3.769,0.239794962,19.07,15.91,44.16,0,5.16575182,0.866259333,9.292865558,10.54,42.86,-82.47,1.28,1.53,4,19.25,3.20E-16,3.20E-16,0.859438672,3.20E-16,5.87417538,3.20E-16,3.20E-16,3.20E-16,3.20E-16,2.14411016,3.20E-16,2.295368856,4.842340105,2.812715616,3.20E-16,0.57395551,4.06E-09,4.06E-09,0.210466524,4.06E-09,0.550236045,4.06E-09,4.06E-09,4.06E-09,4.06E-09,0.332429174,4.06E-09,0.343955157,0.49957791,0.380748757,4.06E-09,0.171994555,0.65600117,-0.672751631,0.260386423,1.263836916,0.697082492,0.128751282,1.025241929,1.048671447,-0.091696955,-0.585566071,0.759694707,-0.379483263,-0.318234281,-0.640167771,0.357078438,-0.342204395,0.683961183,-0.108633933,0.865249349,-0.39863999,-0.386813604,-0.280449888,-0.546169754,0.472320318,0.06653305,0.296800801,-0.593025552,2.207407537,0.895347961,0.632893909
S17,0.245664157,0.222477144,2378,2.437,29.73,35460,0.6382,3.247,5.205,4.479,7253,0.116281167,0.145362725,0.02268,565.8,11180,137.4,133.1,6.999,1.95296931,0.351347613,3.094,0.286954133,41.66,12.59,33.39,0,0,0,2.147514889,10.1,42.83,-82.48,-1.09,1.95,3,19.33,1.907772708,2.223337521,3.20E-16,3.20E-16,3.346859325,4.786884067,3.471414204,3.20E-16,3.20E-16,4.404868133,2.482114093,1.503278703,4.204077524,1.503278703,1.503278703,3.20E-16,0.246736541,0.266362361,3.20E-09,3.20E-09,0.326805146,0.390837847,0.332830697,3.20E-09,3.20E-09,0.374918277,0.281436893,0.219023094,0.366273514,0.219023094,0.219023094,3.20E-09,0.115698342,-0.546337898,-0.980344345,0.501853463,0.760382444,0.466105002,0.925412634,-0.505899581,-0.930697086,-0.857445106,-0.479044091,-0.870373591,0.551195653,-0.706565535,-0.537467259,-0.30366914,-0.376209079,0.278006298,-0.539417021,-0.006494013,-0.234251804,-0.46866974,-0.472174596,1.073124221,-0.467991827,-0.146207552,-0.593025552,-0.912801333,-0.992073942,-0.496953463
S18,0.151716827,0.246523719,2146,1.663,27.57,27700,0.5569,3.028,5.831,2.739,6850,0.117273482,0.127167333,0.01946,432.7,11580,121.5,84.52,6.003,1.504905994,0,2.967,0.347835899,39.76,12.3,34.86,0,0.138734756,0.646218811,1.818501967,10.4,42.82,-82.48,1.63,1.5,4,19.57,1.908283831,0.195256291,3.20E-16,3.20E-16,5.392815161,1.528100164,0.520832163,0.902702799,3.20E-16,3.20E-16,0.367208974,1.37529132,5.626608427,1.110644064,1.204358499,0.195256291,0.306394537,0.098008118,3.97E-09,3.97E-09,0.515071239,0.274179792,0.160069442,0.210732698,3.97E-09,3.97E-09,0.134405232,0.260109901,0.526117658,0.233747504,0.243409443,0.098008118,-0.288760893,-0.50901726,-1.145810749,0.023163866,0.700810231,-0.034173467,0.685717494,-0.670043581,-0.765472971,-1.287776474,-0.593845187,-0.86959594,0.448612183,-0.717312935,-0.914277854,-0.224638926,-0.66506546,-1.038133378,-0.787764323,-0.42802637,-0.687740036,-0.507534084,-0.380559433,1.036822313,-0.520742687,-0.078146914,-0.593025552,-0.689949012,0.515843383,-0.602236939
S19,0.298977258,0.276513699,3255,1.98,26.07,28110,0.5038,3.457,8.428,3.679,8666,0.343493332,0.28499128,0.03205,700,9910,146.1,138.1,7.383,1.640125491,0,4.877,0.599821338,30.03,15.14,46.4,0,0.589155815,0.346372893,5.590101511,9.78,42.77,-82.47,-1.32,1.64,2.4,20.56,1.025928465,2.744049523,3.20E-16,3.20E-16,3.294001658,3.632147644,1.844254505,3.20E-16,3.20E-16,5.259487161,4.749895473,3.20E-16,2.210059328,2.210059328,3.20E-16,3.20E-16,0.195037898,0.318974849,3.45E-09,3.45E-09,0.349480038,0.366979847,0.261499519,3.45E-09,3.45E-09,0.441603155,0.419664752,3.45E-09,0.286261165,0.286261165,3.45E-09,3.45E-09,0.331858586,-0.463468527,-0.474280719,0.234173567,0.656728171,-0.004410892,0.522308214,-0.35626493,-0.211584621,-1.035204701,-0.121596923,-0.708226873,1.288080366,-0.675482703,-0.238301419,-0.574757274,-0.231908521,0.385112848,-0.45184733,-0.293351077,-0.687740036,-0.022800327,-0.040849231,0.819501923,-0.047440314,0.375518264,-0.593025552,-0.118253825,-0.092388606,0.207705847
S20,0.193333285,0.239893163,6490,0,26.3,36840,0.5274,5.039,10.32,5.507,11480,0.167835231,0,0.0407,1593,12000,212.2,133.8,11.55,2.18186061,0,0.834,0.349894612,17.59,16.5,44.12,0,0.224231288,0.181629939,3.389477283,10.36,42.74,-82.49,1.17,2.18,3.5,20.93,0.568607888,3.20E-16,0.975398027,3.20E-16,4.444464777,3.20E-16,3.20E-16,0.975398027,3.20E-16,2.282361011,3.20E-16,3.953521681,5.427236921,4.12309675,3.20E-16,3.20E-16,0.158093832,3.75E-09,0.207061532,3.75E-09,0.441995881,3.75E-09,3.75E-09,0.207061532,3.75E-09,0.316738355,3.75E-09,0.416869911,0.488424992,0.425716272,3.75E-09,3.75E-09,-0.105671369,-0.5192356,0.638276952,-1.814429809,0.663643671,0.543442112,0.595635492,0.585519911,0.102800756,-0.663785927,0.443126836,-0.830859633,-0.318234281,-0.647037802,0.918222529,-0.144542441,0.646512034,0.293239333,0.301750168,0.18473995,-0.687740036,-1.459042448,-0.377534288,0.411284737,0.150404743,0.295359914,-0.593025552,-0.565766856,-0.487213115,-0.179792938
S21,0.776563347,0.549986998,2375,0,18.48,29890,0.3542,3.009,6.421,1.325,7978,4.993675952,0.289162726,0.3044,525.1,10560,122.9,91.5,5.551,1.711381077,0.171918786,2.684,0.841235438,12.91,17.34,23.21,0,0.548689417,0.137627219,6.490564476,10,42.64,-82.51,1.16,1.71,6,18.02,3.20E-16,0.992840208,0.580193257,3.20E-16,4.073955943,2.158772141,3.235090048,3.20E-16,3.20E-16,3.20E-16,1.797115738,3.20E-16,5.963153612,0.580193257,2.894457615,3.20E-16,3.79E-09,0.211117045,0.161387524,3.79E-09,0.427653257,0.311305664,0.381089345,3.79E-09,3.79E-09,3.79E-09,0.284034859,3.79E-09,0.517394274,0.161387524,0.360468415,3.79E-09,1.946822899,-0.091565354,-0.982379167,-1.814429809,0.387780184,0.119960315,0.028877853,-0.684702702,-0.623065175,-1.822838715,-0.287716911,0.600559254,1.308842347,0.122663223,-0.642372,-0.431934337,-0.63816793,-0.808577955,-0.91237119,-0.22513211,-0.448809772,-0.598812276,0.237720338,0.180204622,0.265060624,-0.716948192,-0.593025552,-0.162498974,-0.602013046,0.329837049
S21(5),0,0.430802001,2806,0.0001,18.33,33170,0.3724,2.959,6.801,6.815,6139,5.23191224,0,0.2205,637.9,12970,130.9,123.4,7.586,1.59,1.823444586,2.913,0.804550527,25.35,12.18,26.17,0,0,0,3.553759507,7.28,42.64,-82.51,1.63,1.59,6,22.22,1.256339753,3.20E-16,4.565913047,3.20E-16,5.317915032,1.256339753,3.358854664,0.548893246,0.548893246,0.548893246,3.20E-16,1.91753784,4.448460501,3.20E-16,1.256339753,3.20E-16,0.224063898,3.58E-09,0.427151715,3.58E-09,0.460987377,0.224063898,0.36636497,0.148102463,0.148102463,0.148102463,3.58E-09,0.276815438,0.421621943,3.58E-09,0.224063898,3.58E-09,-1.017336824,-0.244859408,-0.7135628,-1.814242204,0.381461854,0.330873929,0.091743847,-0.723613832,-0.537220886,-0.457501297,-0.813913276,0.634672671,-0.318234281,-0.103910965,-0.368891655,0.030215069,-0.490069147,0.058324852,-0.407161435,-0.342452769,0.875521111,-0.524437519,0.197830729,0.689238636,-0.542907892,-0.529388126,-0.593025552,-0.912801333,-0.992073942,-0.144755239
S22,0.131988779,0.169447247,1772,0,25.69,16720,0.2978,2.242,4.078,1.277,4830,3.437896987,0,0.6965,367.3,8554,78.29,73.73,3.467,0.806961722,2.763455434,2.369,0.428529796,32,9.738,16.03,0.151388376,0.263126919,0.134927545,3.691294391,10.2,42.62,-82.51,1.09,0.81,1,19.35,0.326315412,3.20E-16,0.088754614,3.20E-16,5.998740754,3.20E-16,3.20E-16,3.20E-16,3.20E-16,3.20E-16,0.65174378,1.473345203,5.142716126,3.20E-16,0.088754614,3.20E-16,0.15393805,4.82E-09,0.080282827,4.82E-09,0.66002021,4.82E-09,4.82E-09,4.82E-09,4.82E-09,4.82E-09,0.21755328,0.327099171,0.611115731,4.82E-09,0.080282827,4.82E-09,-0.37787772,-0.631304423,-1.454459199,-1.814429809,0.645172796,-1.056756157,-0.171444981,-1.343076635,-1.275252608,-1.846332951,-1.295487225,0.337543551,-0.318234281,1.01837439,-1.144395045,-0.905559313,-1.694689481,-1.432735339,-1.627470044,-1.264647119,1.308342102,-0.709048998,-0.265310961,0.868546471,-1.044028451,-1.28897214,-0.032585352,-0.512116024,-0.609200185,-0.116380861
S23,0.29489116,1.157323475,2317,0,25.75,22380,0.3784,2.31,3.731,3.827,4707,2.264947187,0,0.2981,475.5,8785,83.78,77.71,5.076,2.167661156,0,1.649,0.512845276,30.42,7.461,19.93,0.817942652,0.239559269,0.762688847,2.047265441,9.79,42.44,-82.53,1.7,2.17,1.8,19.2,0.559671581,3.20E-16,0.559671581,3.20E-16,5.144054104,3.20E-16,0.559671581,3.20E-16,3.20E-16,1.850653455,1.127523752,1.410757772,5.889810299,3.20E-16,0.559671581,3.20E-16,0.178013529,4.26E-09,0.178013529,4.26E-09,0.539683508,4.26E-09,0.178013529,4.26E-09,4.26E-09,0.323704647,0.252667412,0.282626323,0.577480118,4.26E-09,0.178013529,4.26E-09,0.315608109,0.541873664,-1.022232312,-1.814429809,0.647008224,-0.466167697,0.112286301,-1.278719294,-1.39692591,-1.000133555,-1.347286323,0.068915491,-0.318234281,0.106163244,-0.781780385,-0.845654404,-1.536227265,-1.280918432,-1.052946279,0.173283027,-0.687740036,-1.005577236,-0.151646492,0.829453886,-1.626854164,-0.953670941,1.783236997,-0.54442337,0.722632148,-0.527819785
S24,0,0.338262644,2965,0,29.51,45290,0.5004,3.199,5.099,3.545,6192,36.36817427,0.331588669,0.1578,656.3,16630,170.5,125.7,6.098,1.467445233,0.348431622,1.912,0.191728937,37.96,9.301,25.92,0,0.12594676,0.864856954,1.088404155,9.67,42.57,-82.57,1.83,1.47,1.2,10.2,0.428700662,3.20E-16,2.365202356,2.040607317,5.894272313,1.448955808,3.20E-16,3.20E-16,3.20E-16,3.20E-16,3.20E-16,3.370521499,4.57515318,3.20E-16,3.20E-16,3.20E-16,0.145957446,3.99E-09,0.342833561,0.318440941,0.541208086,0.268334645,3.99E-09,3.99E-09,3.99E-09,3.99E-09,3.99E-09,0.40925852,0.476817293,3.99E-09,3.99E-09,3.99E-09,-1.017336824,-0.372962168,-0.62471207,-1.814429809,0.75450969,0.961744297,0.511649381,-0.541140101,-0.960316712,-1.067928748,-0.796650697,2.202256217,1.516266801,-0.283646638,-0.328919715,0.589054076,0.131349905,0.11192568,-0.762599712,-0.466623911,-0.237505224,-0.888835116,-0.624542501,1.000834956,-1.145635613,-0.544419121,-0.593025552,-0.709321194,0.893073986,-0.888127763
S25,0.181585485,0.223873512,1900,0,23.88,30470,0.2966,2.024,3.791,0.8265,3866,0.848383669,0,0.1096,333.7,11990,98.97,87.67,4.401,1.059269085,0.515233135,1.094,0.137798797,27.33,6.23,15.66,0.765479375,0.193773678,0.113565185,1.814040772,10.12,42.54,-82.61,1.7,1.06,2.1,17.91,0.498989278,3.20E-16,0.869039322,3.20E-16,5.389191322,3.20E-16,3.20E-16,3.20E-16,3.20E-16,3.20E-16,3.20E-16,1.163285804,5.848286675,3.20E-16,3.20E-16,3.20E-16,0.190369637,4.82E-09,0.251230168,4.82E-09,0.625624683,4.82E-09,4.82E-09,4.82E-09,4.82E-09,4.82E-09,4.82E-09,0.290666705,0.651728031,4.82E-09,4.82E-09,4.82E-09,-0.156700273,-0.544150717,-1.342049908,-1.814429809,0.587772734,0.158890293,-0.17580114,-1.558895246,-1.375261937,-2.094614979,-1.74252191,-0.429007837,-0.318234281,-0.428562879,-1.279072599,-0.146416712,-1.146127934,-0.932302375,-1.272877476,-0.929838651,-0.061853831,-1.295534846,-0.716331385,0.746968101,-2.011363001,-1.324689536,1.666817509,-0.608982416,-0.666681899,-0.603747499
S27,0.767155122,0.772555796,9513,0,34.03,44830,0.9908,6.212,16.5,21.36,14400,9.198817716,0,0.8108,2405,22640,225.5,159.2,19.02,3.993365655,0,7.149,0.713884173,23.86,25.01,73.16,0.314257534,0.384741725,0.151875585,1.935446068,10.8,42.5,-82.5,1.46,3.99,3,18.5,3.20E-16,3.20E-16,0.713395675,3.20E-16,5.210782962,3.20E-16,3.20E-16,3.20E-16,3.20E-16,3.20E-16,3.20E-16,3.20E-16,5.913489117,3.20E-16,2.336618371,3.20E-16,4.75E-09,4.75E-09,0.224344093,4.75E-09,0.606318605,4.75E-09,4.75E-09,4.75E-09,4.75E-09,4.75E-09,4.75E-09,4.75E-09,0.645908951,4.75E-09,0.406016138,4.75E-09,1.919435273,0.165502586,1.254849494,-1.814429809,0.867430621,0.941064932,1.843379455,1.135864995,0.85165429,0.726407264,0.898255023,1.065781017,-0.318234281,1.24058248,1.497852986,1.282664478,0.789746676,0.798326817,1.173932268,1.339097266,-0.687740036,0.38030404,0.095656437,0.642859249,1.119525476,1.1033388,0.493405507,-0.354436888,-0.564361016,-0.563469861
S27(5),0.349208308,0.810694608,7040,3.005,30.59,67620,0.9291,7.393,16.54,24.08,14240,10.96479027,0,0.503,1664,27990,271.6,271.5,19.31,2.76,13.4974862,8.418,3.297767174,18.72,26.56,83.6,0,0,0,37.90246429,7.4,42.64,-82.5,1.57,2.76,1.7,22.25,3.20E-16,3.20E-16,1.587202711,3.20E-16,3.850656769,3.20E-16,3.20E-16,3.20E-16,3.20E-16,3.20E-16,3.20E-16,1.756008042,6.371875625,3.20E-16,0.457289986,3.20E-16,4.78E-09,4.78E-09,0.336430389,4.78E-09,0.524018265,4.78E-09,4.78E-09,4.78E-09,4.78E-09,4.78E-09,4.78E-09,0.353868797,0.674081899,4.78E-09,0.180582169,4.78E-09,0.527554093,0.206288459,0.769435199,0.788799248,0.782943066,1.773668041,1.695125793,1.606045716,0.85557898,0.85569334,0.875815324,1.205545619,-0.318234281,0.605648301,0.979573714,1.759591294,1.228250516,2.352570232,1.200791106,0.612401716,3.339516519,0.55879728,1.917838878,0.458302635,1.261084252,1.317503657,-0.593025552,-0.912801333,-0.992073942,1.900791138
S28,0,0.512498314,3956,0,27.73,38320,0.3447,2.567,5.868,2.617,5745,0.787293714,0,0.0868,820.2,12550,141.2,96.14,6.049,1.842033449,0.289972936,0,0.112375578,35.26,9.244,16.87,0.126341569,0.212824394,0.217184454,3.797408876,9.7,42.55,-82.42,1.54,1.84,0.5,15.8,3.20E-16,1.888578717,3.20E-16,3.20E-16,4.662451872,0.744742945,1.597901556,3.20E-16,3.20E-16,3.20E-16,3.20E-16,1.888578717,6.056161681,3.20E-16,1.23349013,0.744742945,4.13E-09,0.316808196,4.13E-09,4.13E-09,0.497778396,0.198944557,0.291409612,4.13E-09,4.13E-09,4.13E-09,4.13E-09,0.316808196,0.567319346,4.13E-09,0.256033447,0.198944557,-1.017336824,-0.13847382,-0.159845915,-1.814429809,0.705375002,0.623227975,-0.004273251,-1.046881694,-0.756187088,-1.325136648,-0.947116735,-0.458422063,-0.318234281,-0.499320259,-0.015499918,-0.043791909,-0.312096556,-0.66537468,-0.775537005,-0.104580232,-0.304256664,-2.207041375,-0.761121446,0.943609669,-1.159205472,-1.210683391,-0.120024286,-0.581824568,-0.397534515,-0.095051552
S28(5),0,0.394919494,4113,0.0001,20.77,37260,0.2836,2.736,7.073,6.492,6059,4.171925994,0,0.05742,887.1,12300,143.9,149.2,7.426,1.53,0.787773751,1.421,0.53360855,27.61,10.49,18.61,0,1.035786075,0,5.080885666,7,42.55,-82.42,1.56,1.53,0.5,22.5,0.865457877,3.20E-16,1.067563284,1.902932582,4.254154984,5.183584401,3.022063736,2.695871814,3.20E-16,3.20E-16,3.20E-16,2.273699814,4.429478397,3.20E-16,2.273699814,1.067563284,0.172645018,3.32E-09,0.191746699,0.256001661,0.382769863,0.422518929,0.322613764,0.304705787,3.32E-09,3.32E-09,3.32E-09,0.279832174,0.39057764,3.32E-09,0.279832174,0.191746699,-1.017336824,-0.293520306,-0.097100402,-1.814242204,0.478627223,0.566405208,-0.223252978,-0.903362357,-0.47830474,-0.50503787,-0.840254275,0.471504027,-0.318234281,-0.592719288,0.094758048,-0.089028741,-0.267575673,0.609741952,-0.442292181,-0.40249237,0.187256762,-1.116576608,-0.124628269,0.754804472,-0.87849387,-1.059597617,-0.593025552,0.306598392,-0.992073942,0.131019808
S3,0.496243723,5.287349745,4491,0,2.143,33160,0.212,4.599,7.663,0.5824,34600,628.4314251,0.194148177,0.2316,554.4,10480,126.5,159.5,10.29,1.190267469,12.29928321,4.953,21.54325374,0,10.73,31.48,0.125621122,0.157359132,0.243611338,3.867985565,10.26,42.95,-82.43,1.2,1.19,3,20.33,0.795180208,3.20E-16,3.20E-16,3.20E-16,3.939060601,3.20E-16,0.795180208,3.20E-16,3.20E-16,3.20E-16,0.45169597,0.45169597,6.393832063,0.45169597,3.20E-16,3.20E-16,0.244715159,4.91E-09,4.91E-09,4.91E-09,0.544658672,4.91E-09,0.244715159,4.91E-09,4.91E-09,4.91E-09,0.184438338,0.184438338,0.69391888,0.184438338,4.91E-09,4.91E-09,1.061088697,2.591259374,0.044650412,-1.814429809,-1.103287851,0.330263151,-0.493534672,0.350973469,-0.357052535,-2.256180398,2.658851664,4.673789178,0.818400635,-0.073056324,-0.566071457,-0.449030708,-0.570374547,0.803800764,0.104153726,-0.771859922,3.209593177,-0.006953751,5.202801993,-1.917416857,-0.827938185,-0.23912169,-0.122568058,-0.662121129,-0.332559564,-0.081125106
S36,0.141142694,0.289661278,3084,0,24.43,21350,0.4238,2.522,5.179,4.045,5405,0.462636755,0.851939914,0.04555,627.1,10380,104.8,85.51,5.943,1.520912548,0.136397494,3.542,0.994413343,33.22,10.06,32.48,0,1.417477898,1.172688834,6.193987286,9.86,42.64,-82.51,1.7,1.52,1,20.85,3.20E-16,3.20E-16,3.20E-16,3.20E-16,6.131155431,3.20E-16,3.20E-16,3.20E-16,3.20E-16,3.20E-16,3.20E-16,3.20E-16,4.995895602,3.20E-16,3.20E-16,3.20E-16,5.37E-09,5.37E-09,5.37E-09,5.37E-09,0.742302842,5.37E-09,5.37E-09,5.37E-09,5.37E-09,5.37E-09,5.37E-09,5.37E-09,0.670064543,5.37E-09,5.37E-09,5.37E-09,-0.336335514,-0.443836432,-0.561276712,-1.814429809,0.60564494,-0.561606422,0.264886152,-1.086244029,-0.937915177,-0.950385866,-1.06962253,-0.633864108,3.629353267,-0.631192194,-0.392893128,-0.47058562,-1.011967907,-1.00445788,-0.803834262,-0.41170979,-0.495166164,-0.340597198,0.396113763,0.897471908,-0.97177205,-0.189814047,-0.593025552,0.601366071,1.355240692,0.291313438
S37,0,0.853294,2593,0,23.66,28410,0.3761,2.641,4.328,2.15,5127,2.579954598,0,0.1367,593.3,10500,116.8,121.8,5.043,1.212543791,0.441457682,1.693,0.335424989,32.2,8.69,19.97,0,0.139812281,0.145481958,1.383486049,9.99,42.58,-82.57,1.56,1.21,1,20.31,1.304854582,3.20E-16,2.584962501,3.20E-16,6.08246216,0.667424661,0.371968777,3.20E-16,3.20E-16,3.20E-16,3.20E-16,1.745427173,4.527247003,3.20E-16,1.304854582,3.20E-16,0.264941927,4.15E-09,0.372903755,4.15E-09,0.572017534,0.189483221,0.14145649,4.15E-09,4.15E-09,4.15E-09,4.15E-09,0.306422393,0.493499513,4.15E-09,0.264941927,4.15E-09,-1.017336824,0.250840971,-0.840821158,-1.814429809,0.580512977,0.01709286,0.104422282,-0.983219783,-1.192639483,-1.4808273,-1.175657275,0.149526159,-0.318234281,-0.346328136,-0.470767458,-0.444744412,-0.757667353,0.020449576,-1.06311715,-0.745938803,-0.137029626,-0.985260252,-0.398894928,0.873360894,-1.295172207,-0.950566326,-0.593025552,-0.688326649,-0.58119856,-0.762097793
S38,0,0.313757649,1397,0,16.84,17350,0.2379,1.455,2.22,0.9587,2856,0.265166466,0.263474348,0.04776,280,6581,60.02,89.93,2.374,0.541078317,0.72787942,1.813,0.651515189,19.4,4.537,12.61,0,0.216414215,0.153115326,0.429228067,10.03,42.57,-82.58,1.54,0.54,0.8,20.01,3.20E-16,3.20E-16,2.508772938,3.20E-16,5.871125675,0.31836148,0.79970135,3.20E-16,3.20E-16,3.20E-16,0.79970135,3.20E-16,5.17239664,3.20E-16,0.991066875,3.20E-16,4.41E-09,4.41E-09,0.390391996,4.41E-09,0.597215285,0.139069049,0.220411445,4.41E-09,4.41E-09,4.41E-09,0.220411445,4.41E-09,0.560552297,4.41E-09,0.245370138,4.41E-09,-1.017336824,-0.408369522,-1.837661014,-1.814429809,0.31589581,-0.981835972,-0.393965024,-2.205184717,-2.058325367,-2.015915791,-2.35050034,-0.76079905,1.179905043,-0.623996186,-1.525273843,-1.49503228,-2.314620026,-0.858664159,-2.151547615,-1.672358378,0.135934755,-0.931493422,0.022182958,0.485314869,-2.663800435,-1.653484583,-0.593025552,-0.576754877,-0.561106994,-1.249791101
S39,0,0.448774287,2505,0,27.71,27480,0.4014,3.105,4.15,3.832,5642,0.544815824,0,0.05687,513.8,14540,109.1,118.1,5.454,0.850441043,0,2.082,0.889877736,34.29,7.617,26.79,0.567358185,0.162219875,0.147547178,0.682562578,9.17,42.56,-82.63,1.6,0.85,2,20.96,3.20E-16,3.20E-16,3.20E-16,0.540568381,5.853451337,0.540568381,3.20E-16,2.212993723,3.20E-16,3.20E-16,3.20E-16,2.740240726,5.05626822,3.20E-16,0.540568381,0.295455884,4.24E-09,4.24E-09,4.24E-09,0.174364487,0.57377117,0.174364487,4.24E-09,0.352795314,4.24E-09,4.24E-09,4.24E-09,0.39257901,0.533270757,4.24E-09,0.174364487,0.128907753,-1.017336824,-0.220943673,-0.896477055,-1.814429809,0.704805798,-0.050325751,0.190212515,-0.61133516,-1.251050219,-0.998967581,-0.983446228,-0.586022843,-0.318234281,-0.594492379,-0.67293998,0.287105816,-0.917671828,-0.069061743,-0.940231079,-1.203740142,-0.687740036,-0.818859088,0.289403501,0.922004403,-1.582174986,-0.492700045,1.193593982,-0.65493206,-0.575749573,-1.094181244
S4,0.169936729,2.199411867,2666,2.188,31.79,40140,0.5341,2.991,5.672,4.058,7506,25.61472915,0.937635224,1.323,641.7,13710,140.7,101.6,5.723,1.462678866,0,2.986,3.553462713,44.97,12.34,30,0,0.545387647,0.228948732,6.806352755,9.97,42.92,-82.45,1.1,1.46,4.6,20.03,2.321928095,2.321928095,1.222392421,3.20E-16,5.309855263,1.874469118,3.20E-16,3.20E-16,3.20E-16,3.20E-16,1.874469118,3.20E-16,4.922832139,4.087462841,1.222392421,3.20E-16,0.303800624,0.303800624,0.220429443,3.57E-09,0.459415475,0.272962774,3.57E-09,3.57E-09,3.57E-09,3.57E-09,0.272962774,3.57E-09,0.442355867,0.403079942,0.220429443,3.57E-09,-0.207802393,1.296928222,-0.796066523,0.360757745,0.81341732,0.717221155,0.616246566,-0.698654517,-0.805958165,-0.947487561,-0.410187877,1.90525664,3.919125591,2.089489802,-0.360543075,0.154960199,-0.320433856,-0.505376872,-0.863969459,-0.471576889,-0.687740036,-0.501641252,2.032387326,1.132665779,-0.513398705,-0.314955891,-0.593025552,-0.16615993,-0.368437569,0.369214236
S40,0.319128367,0.688691347,3352,1.229,15.66,27400,0.4001,2.884,5.548,4.687,6656,4.219187312,0,1.043,725.1,12450,134.3,115.8,6.394,1.745112519,1.781279545,3.962,0.623784633,11.05,10.5,27.03,0.182756724,0.262312283,0.423285359,3.939834289,9.44,42.55,-82.66,1.87,1.75,8,20.61,3.20E-16,3.20E-16,3.20E-16,3.20E-16,3.996929782,3.20E-16,0.748694887,1.604458676,3.20E-16,3.20E-16,3.20E-16,1.239119508,5.792380848,0.748694887,4.37350144,2.832373382,3.87E-09,3.87E-09,3.87E-09,3.87E-09,0.432817883,3.87E-09,0.187324409,0.27422447,3.87E-09,3.87E-09,3.87E-09,0.24098973,0.521039312,0.187324409,0.452748035,0.364348671,0.411259459,0.072641524,-0.426941318,-0.310602303,0.259960655,-0.056231389,0.185842206,-0.782911794,-0.838206868,-0.815482069,-0.651539951,0.479465232,-0.318234281,1.651762636,-0.188774154,-0.061777571,-0.429828962,-0.126116503,-0.686298095,-0.19346099,0.852859625,-0.231521895,-0.011380502,0.065831496,-0.876366385,-0.478717517,0.074277593,-0.513222662,0.0756624,-0.067153535
S41,0,0,3515,2.125,20.5,36130,0.2845,2.984,7.191,11.78,7503,0.91852297,0,0.2046,711.1,16570,171.1,84.99,7.455,1.002689205,0.949513921,3.375,0,28.65,12.68,26.89,0.213795634,0.293173166,0.229145227,1.630379862,9.57,42.54,-82.67,1.88,1,9,20.48,3.20E-16,3.20E-16,3.20E-16,3.20E-16,4.700439718,3.20E-16,3.20E-16,3.20E-16,3.20E-16,3.20E-16,3.20E-16,3.222392421,5.988684687,3.20E-16,2.36923381,3.20E-16,4.44E-09,4.44E-09,4.44E-09,4.44E-09,0.537318794,4.44E-09,4.44E-09,4.44E-09,4.44E-09,4.44E-09,4.44E-09,0.444889342,0.606496797,4.44E-09,0.381475586,4.44E-09,-1.017336824,-0.931202903,-0.350393783,0.323310926,0.468426405,0.504021604,-0.2199524,-0.704097224,-0.453360427,0.096411885,-0.410990677,-0.396412245,-0.318234281,-0.148600561,-0.216183755,0.580927898,0.139616352,-1.022097685,-0.435875503,-1.001204639,0.317697915,-0.386797956,-0.972207638,0.783254317,-0.451849563,-0.486859373,0.177264268,-0.471790785,-0.367953942,-0.668108199
S42,0.161214497,0.325156351,4730,2.054,0,30430,0.4764,3.452,8.114,18.2,9294,0.367584113,0,0.04346,968.4,17340,166.1,111.6,9.935,3.926576217,0,4.39,0.753697185,0,18.02,54.79,0.823732869,0.524885429,0.354341945,2.393337778,9.65,42.62,-82.52,2.02,3.93,2,20.8,1.121073858,1.337776488,1.040948047,3.20E-16,5.983670193,3.20E-16,1.121073858,0.555850752,3.20E-16,0.160286209,3.20E-16,1.526139447,4.958019323,3.20E-16,3.20E-16,0.304531632,0.248808632,0.271794154,0.239752342,4.21E-09,0.574820377,4.21E-09,0.248808632,0.175197309,4.21E-09,0.094079805,4.21E-09,0.290298933,0.523241809,4.21E-09,4.21E-09,0.129677472,-0.246400336,-0.391818066,0.128245068,0.280193283,-2.039329996,0.156229354,0.435716413,-0.359745005,-0.26981155,0.55481349,0.018903576,-0.692672501,-0.318234281,-0.638011476,0.218074074,0.683047907,0.069830721,-0.23326415,0.044486826,1.304603402,-0.687740036,-0.129482526,0.141172667,-1.917416857,0.354094549,0.640518165,1.795879446,-0.189069074,-0.074536558,-0.42524285
S43,0.43747463,0.344427283,3748,1.988,23.27,36780,0.487,3.209,7.527,14.96,7807,1.614323143,0,0.111,837.6,17600,155.4,97.54,9.244,2.551171759,0.351384151,4.069,0.369299894,30.7,15,40.86,0,0.331282436,0.154182287,1.636734686,9.49,42.61,-82.53,2.09,2.55,2,20.38,3.20E-16,3.20E-16,0.360747344,3.20E-16,5.598221721,3.20E-16,1.095157233,2.395436765,3.20E-16,3.20E-16,0.360747344,1.710493383,5.502018076,3.20E-16,3.20E-16,3.20E-16,4.34E-09,4.34E-09,0.145574663,4.34E-09,0.573468107,4.34E-09,0.253642754,0.375125492,4.34E-09,4.34E-09,0.145574663,0.316989533,0.568519322,4.34E-09,4.34E-09,4.34E-09,0.854411014,-0.364156927,-0.246921303,0.239203442,0.567482777,0.540140317,0.469404536,-0.533765221,-0.384253317,0.346661323,-0.331228942,-0.125585186,-0.318234281,-0.42426563,0.014018266,0.716508411,-0.086804105,-0.623508125,-0.077422442,0.46603005,-0.234211082,-0.205209727,-0.349244097,0.836522997,-0.06874575,0.173415113,-0.593025552,-0.421971157,-0.558309275,-0.665807172
S44,0.229197466,0.275888956,3974,2.487,15.68,30530,0.3729,3.4,8.815,13.79,8034,0.599577245,0,0.1539,836.6,13720,154.8,86.93,9.319,1.952547647,0.115966349,4.106,0.114292949,8.033,15.19,36.94,0.191722389,0.355693363,0.226871234,3.717479182,10.28,42.62,-82.62,1.68,1.95,10,20.88,3.20E-16,1.547487795,3.20E-16,3.20E-16,4.989558253,3.20E-16,3.20E-16,3.20E-16,3.20E-16,3.20E-16,3.20E-16,3.119739244,5.725825037,3.20E-16,2.7589919,1.547487795,4.03E-09,0.280350151,4.03E-09,4.03E-09,0.503405813,4.03E-09,4.03E-09,4.03E-09,4.03E-09,4.03E-09,4.03E-09,0.398057972,0.539269942,4.03E-09,0.374336685,0.280350151,0.047060007,-0.464406426,-0.15252701,0.528950153,0.260941311,0.162875159,0.093459145,-0.39617125,-0.142432416,0.260917784,-0.273669838,-0.5555359,-0.318234281,-0.295145803,0.012338479,0.156599435,-0.095901966,-0.95682245,-0.063799006,-0.006859813,-0.522490396,-0.196240194,-0.75770795,-0.163785983,-0.03987599,0.013534989,0.104300547,-0.390803007,-0.373555602,-0.11107314
S45,0.112345843,0.552584891,5574,2.646,19.39,36370,0.5328,4.077,10.88,18.91,9776,1.424789333,0,0.08443,1193,18760,187,92.47,12.58,2.80873463,0,4.841,0.236252688,9.992,18.24,51.72,0.527991983,0.449754493,0.311478469,7.362433945,9.46,42.62,-82.58,2.06,2.81,4,20.35,1.280107919,3.20E-16,0.267933205,3.20E-16,5.62548521,3.20E-16,3.20E-16,1.786169592,3.20E-16,3.20E-16,3.20E-16,1.698173111,5.53313105,3.20E-16,3.20E-16,3.20E-16,0.281181313,4.45E-09,0.128640119,4.45E-09,0.589444821,4.45E-09,4.45E-09,0.332142544,4.45E-09,4.45E-09,4.45E-09,0.323857637,0.58458631,4.45E-09,4.45E-09,4.45E-09,-0.468166713,-0.088356848,0.392961933,0.612605285,0.42509859,0.517432854,0.61225445,0.047545326,0.185803739,0.595708395,0.120444042,-0.191452455,-0.318234281,-0.506760302,0.511447525,0.860009929,0.348775502,-0.778056094,0.449060381,0.645389795,-0.687740036,-0.030378264,-0.551840918,-0.007390557,0.382219256,0.548484622,1.092465297,-0.275736385,-0.171823111,0.434832234
S46,0.914846294,0.628538233,6579,3.203,25,39960,0.6166,4.942,11.42,26.32,12550,2.232511352,0,0.133,1249,23090,219.9,104.6,14.69,3.46772889,0.175523365,6.999,0.677944947,12.25,18.83,64.57,0.524642391,0.663768762,0.196777299,5.253479764,10.15,42.62,-82.67,2.33,3.47,0.9,21.56,1.764371752,0.752689946,1.439532061,3.20E-16,5.430395267,3.20E-16,3.093263794,1.439532061,0.752689946,3.20E-16,3.20E-16,3.877609802,4.878953719,3.20E-16,3.20E-16,1.019628807,0.268638005,0.175460945,0.242651554,3.62E-09,0.471289894,3.62E-09,0.355697559,0.242651554,0.175460945,3.62E-09,3.62E-09,0.398248784,0.446720369,3.62E-09,3.62E-09,0.204217735,2.333443127,0.003149728,0.660237516,0.879332443,0.623763706,0.70811707,0.862910449,0.535316222,0.26221692,0.952039062,0.622095482,0.060177386,-0.318234281,-0.357439475,0.575974766,1.326913657,0.730490296,-0.421053335,0.718786915,1.054173672,-0.44418445,0.357390847,0.053651549,0.141472562,0.456085689,0.903162288,1.083740519,-0.039550164,-0.448681651,0.157708566
S47,0.193913275,0.114277613,3910,2.835,17.88,34610,0.4231,3.442,7.793,18.1,9208,0.742778522,0,0.05784,728.4,17640,190.1,76.17,9.908,2.11245298,0.196425346,4.304,0.17148817,9.21,14.29,43.68,0.557672217,0.347855799,0.154621376,5.240831368,9.3,42.62,-82.68,2.05,2.11,6,20.99,1.065500744,3.20E-16,3.20E-16,3.20E-16,5.933319805,3.20E-16,3.20E-16,2.809605617,3.20E-16,3.20E-16,3.20E-16,2.270569789,3.873931501,0.628958405,3.977655283,3.20E-16,0.227651318,3.95E-09,3.95E-09,3.95E-09,0.537207627,3.95E-09,3.95E-09,0.369671502,3.95E-09,3.95E-09,3.95E-09,0.332323244,0.434079484,0.174905817,0.439852295,3.95E-09,-0.103165098,-0.72389018,-0.178702108,0.707423183,0.362208427,0.416957422,0.262570436,-0.366716895,-0.331448056,0.548932463,0.000234113,-0.480495999,-0.318234281,-0.591365913,-0.182390303,0.721612268,0.387486822,-1.338731056,0.039869807,0.128244552,-0.417639904,-0.149319172,-0.658495863,-0.066193341,-0.179748272,0.279425304,1.168949062,-0.400748506,-0.557158676,0.155777869
S48,0.28244484,0.697433474,2958,4.488,18.11,24590,0.3,2.723,6.139,10.21,6783,4.582212592,0.116895444,0.1353,770.9,7672,135.9,69.76,8.28,1.432949887,1.862399185,5.541,1.25823428,25.49,16.58,28.15,0,2.878819538,0.828738888,11.8717781,10.08,42.61,-82.65,1.54,1.43,5.5,20.52,3.20E-16,2.179323699,3.20E-16,3.20E-16,5.784442396,3.20E-16,3.20E-16,3.20E-16,3.20E-16,3.20E-16,3.20E-16,2.179323699,5.315549182,3.20E-16,3.20E-16,3.20E-16,4.55E-09,0.375470001,4.55E-09,4.55E-09,0.611709356,4.55E-09,4.55E-09,4.55E-09,4.55E-09,4.55E-09,4.55E-09,0.375470001,0.586392549,4.55E-09,4.55E-09,4.55E-09,0.265791035,0.082534308,-0.628522425,1.379822143,0.372105718,-0.275410731,-0.16346914,-0.914169494,-0.689661664,-0.051206866,-0.613583908,0.538316052,0.389966684,-0.350528167,-0.102661041,-1.1502011,-0.402002547,-1.592449497,-0.261996851,-0.502687854,0.896158393,0.109217157,0.642352712,0.69346082,0.161558898,-0.415009948,-0.593025552,1.412386128,0.833911305,0.846103061
S49,0.277911878,0.772767389,3975,2.667,16.62,34110,0.3921,3.614,7.597,15.1,7928,0.641523289,0,0.04947,877,15920,163.2,96.98,9.042,2.604518204,0,4.976,0.167666168,8.227,16.14,78.02,0,0.741514816,0.168625465,3.539244535,8.78,42.6,-82.6,1.84,2.6,7,21.17,3.20E-16,3.20E-16,3.20E-16,3.20E-16,4.452050332,3.20E-16,3.20E-16,0.177022633,3.20E-16,3.20E-16,3.20E-16,3.20E-16,6.312148355,3.20E-16,0.606151491,3.20E-16,5.27E-09,5.27E-09,5.27E-09,5.27E-09,0.620923989,5.27E-09,5.27E-09,0.123814869,5.27E-09,5.27E-09,5.27E-09,5.27E-09,0.73934477,5.27E-09,0.229112611,5.27E-09,0.247527414,0.165731278,-0.152121376,0.623380369,0.30575338,0.387480082,0.158858348,-0.24893142,-0.370199168,0.356497316,-0.300342502,-0.532881381,-0.318234281,-0.618438642,0.078655631,0.490958724,0.028391838,-0.640182926,-0.114616988,0.504224358,-0.687740036,-0.002197936,-0.664972972,-0.146854764,0.099571741,1.206553512,-0.593025552,0.038789032,-0.520689693,-0.147799627
S5,0.135384399,4.798342351,6711,4.298,27.48,43960,1.024,6.032,11.52,13.48,11920,56.12861649,0,2.675,1808,17620,202.7,146.3,16.35,2.761551748,0,16.03,3.744199465,18.92,21.64,71.07,0.296264592,0.573262578,0.25775664,9.814389226,8.5,42.87,-82.46,1.68,2.76,1.5,19.86,3.20E-16,3.20E-16,0.669903596,0.50804223,4.220684066,0.27626977,1.803434671,3.20E-16,0.550241642,3.20E-16,3.20E-16,4.954785534,5.530100369,3.20E-16,1.803434671,0.550241642,3.92E-09,3.92E-09,0.179173884,0.156033719,0.449738406,0.115062879,0.29398066,3.92E-09,0.162384765,3.92E-09,3.92E-09,0.48728269,0.514795878,3.92E-09,0.29398066,0.162384765,-0.362428688,2.436133437,0.69226726,1.313717211,0.6982313,0.901367197,1.921262594,1.05750198,0.276002187,0.237061315,0.518661578,2.573761702,-0.318234281,3.652729198,1.096351931,0.719061788,0.53862052,0.552698866,0.906607777,0.613458656,-0.687740036,1.289350325,2.113720997,0.466342911,0.780174855,1.056855068,0.438600672,-0.135495333,-0.298346012,0.680026526
S50,0.136659669,0.266645128,3618,2.019,18.61,19680,0.2125,3.462,6.669,11.02,6170,0.275845669,0,0.03069,726.7,11880,102.5,75.78,7.316,2.147885923,0.134362257,2.458,0.585683976,25.05,12.08,28.17,0,0.263417381,0.839579287,0.746809452,9.85,42.59,-82.63,1.59,2.15,2.2,20.73,3.20E-16,3.20E-16,3.20E-16,3.20E-16,6.086383653,3.20E-16,2.501061243,3.20E-16,3.20E-16,3.20E-16,3.20E-16,2.26710407,4.525686691,3.20E-16,1.430239906,0.885541275,4.25E-09,4.25E-09,4.25E-09,4.25E-09,0.586464733,4.25E-09,0.375945077,4.25E-09,4.25E-09,4.25E-09,4.25E-09,0.35792989,0.505713423,4.25E-09,0.284293339,0.223700339,-0.35663853,-0.478337683,-0.303832064,0.258567825,0.393216839,-0.726589795,-0.491592413,-0.352788757,-0.566557058,0.027364239,-0.803798293,-0.753442626,-0.318234281,-0.679976643,-0.185675338,-0.167137479,-1.063991038,-1.353555011,-0.466833706,0.157241391,-0.497865928,-0.676891273,-0.058442304,0.680115049,-0.561533604,-0.413894693,-0.593025552,-0.511721621,0.851790107,-1.058447452
S51,0,0,1999,2.582,16.83,13060,0,2.596,5.502,5.769,5201,0.542916584,0,0.07303,206.1,7554,82.17,81.61,4.826,0.542826237,0.996339212,1.722,0.194758936,20.6,10.6,15.9,0,0.788161743,0.474871467,0.241612197,9.94,42.52,-82.63,1.48,0.54,0.6,19.92,3.598259323,3.20E-16,3.20E-16,3.20E-16,3.598259323,3.20E-16,3.20E-16,3.20E-16,3.20E-16,3.20E-16,3.20E-16,3.598259323,4.537434131,3.20E-16,5.506032031,3.20E-16,0.415542711,3.92E-09,3.92E-09,3.92E-09,0.415542711,3.92E-09,3.92E-09,3.92E-09,3.92E-09,3.92E-09,3.92E-09,0.415542711,0.466632095,3.92E-09,0.514030402,3.92E-09,-1.017336824,-0.931202903,-1.260183056,0.579379984,0.31543751,-1.557175891,-1.398944442,-1.021777118,-0.850325634,-0.619328801,-1.146880993,-0.587099488,-0.318234281,-0.542776583,-1.954877284,-1.1850466,-1.58160884,-1.139424032,-1.131414516,-1.669454642,0.353445101,-0.972050207,-0.619509439,0.530857812,-0.85519271,-1.301432289,-0.593025552,0.084130123,0.183362384,-1.383983654
S52,0.567453798,0.461222755,1672,1.378,14.85,16190,0,1.868,4.06,5.433,4347,12.31754299,0,0.1082,248.4,7566,79.05,57.38,3.639,0.758892018,0.155526642,1.211,0.148134942,18.51,8.685,10.45,0,0.848459945,0.164875325,0.780160882,9.45,42.49,-82.63,1.47,0.76,4.3,20.75,3.20E-16,3.20E-16,3.20E-16,3.20E-16,4.290677161,5.454739923,3.20E-16,3.20E-16,3.20E-16,3.20E-16,3.20E-16,3.635588574,4.739539538,3.20E-16,3.20E-16,1.280107919,4.06E-09,4.06E-09,4.06E-09,4.06E-09,0.470278088,0.530247768,4.06E-09,4.06E-09,4.06E-09,4.06E-09,4.06E-09,0.432891631,0.494265048,4.06E-09,4.06E-09,0.256871024,1.300905,-0.204551772,-1.548077825,-0.189203251,0.219221648,-1.12200391,-1.398944442,-1.723109498,-1.281356825,-0.676667033,-1.507054719,1.299290662,-0.318234281,-0.432865553,-1.693223239,-1.181478221,-1.672110077,-2.155145487,-1.55690942,-1.333714162,-0.470024884,-1.228481526,-0.698406898,0.449772104,-1.296434423,-1.934489079,-0.593025552,0.141018638,-0.53041266,-1.040412438
S53,0,0,1449,1.755,12.07,12310,0.07587,1.926,3.24,3.797,3358,0.391788388,0,0.0685,193.7,7772,82.11,62.84,3.539,0.511201323,0.125816233,1.844,0.376135376,13.94,5.972,10.71,0,0.114378113,0.358675396,0.332628241,9.32,42.45,-82.57,1.53,0.51,1.2,22.45,3.20E-16,3.20E-16,3.20E-16,3.20E-16,3.20E-16,3.20E-16,6.080373416,3.20E-16,3.20E-16,3.20E-16,3.20E-16,3.20E-16,5.101538026,3.20E-16,3.20E-16,3.20E-16,5.35E-09,5.35E-09,5.35E-09,5.35E-09,5.35E-09,5.35E-09,0.737406738,5.35E-09,5.35E-09,5.35E-09,5.35E-09,5.35E-09,0.675448964,5.35E-09,5.35E-09,5.35E-09,-1.017336824,-0.931202903,-1.778767535,0.086885415,0.061590485,-1.676971121,-1.054576431,-1.661035248,-1.585283942,-1.007154863,-2.025386529,-0.67731838,-0.318234281,-0.557194663,-2.041799328,-1.121087969,-1.583317012,-1.893557526,-1.597607984,-1.72250747,-0.509255446,-0.917976417,-0.339374313,0.23712227,-2.100226516,-1.897978842,-0.593025552,-0.727036718,-0.064872921,-1.316524515
S54,0,0.169528323,1475,2.108,14.92,8906,0,2.301,3.001,5.085,4322,0.353968293,0,0.116,243.6,3868,80.85,60.83,2.941,0.601560297,0.116268239,1.451,0.197313484,17.64,6.961,12.58,0,0,0,0.203172234,8.91,42.45,-82.58,1.52,0.6,4.3,21.15,3.20E-16,3.20E-16,3.20E-16,3.20E-16,3.20E-16,5.462819554,1.445799753,3.20E-16,3.20E-16,3.20E-16,1.445799753,2.625834782,5.149046272,3.20E-16,2.625834782,3.266140317,3.81E-09,3.81E-09,3.81E-09,3.81E-09,3.81E-09,0.498066343,0.25623169,3.81E-09,3.81E-09,3.81E-09,0.25623169,0.345312632,0.483550866,3.81E-09,0.345312632,0.385120101,-1.017336824,-0.6311716,-1.750108204,0.313076851,0.222823568,-2.332602404,-1.398944442,-1.287160862,-1.685019284,-0.739300603,-1.518636301,-0.701429652,-0.318234281,-0.408962395,-1.720582742,-2.689690001,-1.619476372,-1.987158358,-1.861445618,-1.573748184,-0.522083026,-1.101387926,-0.615276043,0.413424907,-1.775818985,-1.65707276,-0.593025552,-0.912801333,-0.992073942,-1.413973143
S55,0.832997594,0.467641654,4180,2.689,20.14,22870,0.07833,4.351,7.465,13.73,10770,2.318939934,0,0.2225,883.6,10960,173.1,83.96,7.139,1.775883502,0.173363475,2.984,0.129662164,10.61,18.97,29.55,0,0.171443887,0.133168531,0.029984135,9.06,42.44,-82.54,1.59,1.78,4.6,21.26,0.249792295,1.708598242,0.249792295,3.20E-16,3.625522414,4.230308796,0.812410874,0.249792295,2.778232429,3.20E-16,3.711307529,4.27325358,4.708285304,3.20E-16,2.778232429,3.20E-16,0.09221396,0.241172138,0.09221396,3.30E-09,0.35131157,0.379483756,0.166301061,0.09221396,0.307532801,3.30E-09,0.355443541,0.381405093,0.40034881,3.30E-09,0.307532801,3.30E-09,2.10812078,-0.196153975,-0.071049459,0.634602569,0.454624211,-0.422296276,-1.043821475,0.210511319,-0.396797962,0.256339671,0.314913676,0.083270216,-0.318234281,-0.098330899,0.089198831,-0.34834974,0.166964515,-1.057355192,-0.50701298,-0.164907115,-0.44695427,-0.502260226,-0.730556493,0.036192811,0.473290593,-0.338732713,-0.593025552,-0.641371975,-0.613892279,-1.56217811
S56,0,0.433637799,6584,1.808,0,39080,0,4.918,10.14,19.34,14700,0.323915867,0,0.09696,1485,10130,217.3,181.7,10.17,2.211911524,0.212334735,2.849,0.631684342,0,27.51,28.58,0,0.862845147,0.231449272,0.860727532,8.69,42.41,-82.46,1.16,2.21,4.3,20.47,3.20E-16,2.878908183,3.20E-16,3.20E-16,3.45386351,5.547286692,2.062800787,3.20E-16,3.20E-16,3.20E-16,3.20E-16,3.143880393,4.590555334,3.20E-16,2.26710407,3.20E-16,3.66E-09,0.346746381,3.66E-09,3.66E-09,0.3797962,0.481324907,0.293512549,3.66E-09,3.66E-09,3.66E-09,3.66E-09,0.362352313,0.437855333,3.66E-09,0.307704437,3.66E-09,-1.017336824,-0.241065917,0.661462428,0.122635386,-2.039329996,0.663009533,-1.398944442,0.522768219,0.075246967,0.619772519,0.939665446,-0.72107402,-0.318234281,-0.467608184,0.819451092,-0.525394684,0.702465886,1.182845743,0.084197171,0.208819055,-0.397744711,-0.544775919,-0.001761119,-1.917416857,1.343962416,-0.391198938,-0.593025552,0.15431614,-0.36228881,-0.998202985
S57,0.278969964,1.56413189,2910,1.242,20.99,30200,0.2513,3.014,7.144,10.1,6554,6.325256349,0,0.9936,571.1,17820,124.5,88.39,7.156,2.116340251,0,3.829,1.398425289,26.33,12.06,31.17,0.366682483,2.881344129,0.666458175,3.846025595,9.44,42.49,-82.67,2.31,2.12,5.5,19.33,3.20E-16,3.20E-16,3.20E-16,3.20E-16,4.156779625,3.20E-16,3.20E-16,0.594743522,3.20E-16,3.20E-16,3.20E-16,2.192645078,6.295558112,3.20E-16,3.20E-16,1.339486466,4.69E-09,4.69E-09,4.69E-09,4.69E-09,0.533963367,4.69E-09,4.69E-09,0.201975096,4.69E-09,4.69E-09,4.69E-09,0.387808328,0.657128164,4.69E-09,4.69E-09,0.3031113,0.251796305,0.872848954,-0.654895964,-0.29969203,0.486845892,0.140860749,-0.343264952,-0.680838313,-0.463252543,-0.062312609,-0.682552403,0.77614261,-0.318234281,1.568343508,-0.524364171,0.744437326,-0.607797574,-0.908640633,-0.503116211,0.13144181,-0.687740036,-0.265030158,0.761731112,0.7183346,-0.56527583,-0.25471571,0.648910196,1.413502217,0.552807647,-0.08543657
S58,0.362194571,0.585383262,3476,1.596,18.22,30540,0.1796,3.457,7.997,8.773,6510,2.583347686,0,0.2488,717.3,14890,140.7,132.9,7.289,1.768363778,1.542147419,3.315,0.588993687,24.1,10.57,26.06,0,1.828658625,0.282198364,2.806776419,9.27,42.45,-82.66,1.61,1.77,7.3,19.85,3.20E-16,3.20E-16,3.20E-16,3.20E-16,2.166192283,5.828173394,3.20E-16,3.20E-16,3.20E-16,3.20E-16,3.20E-16,3.825612104,4.773816459,3.20E-16,0.472588522,0.827976533,4.23E-09,4.23E-09,4.23E-09,4.23E-09,0.347928837,0.570700372,4.23E-09,4.23E-09,4.23E-09,4.23E-09,4.23E-09,0.462372919,0.5165053,4.23E-09,0.162511279,0.215105214,0.576962219,-0.048304968,-0.368380884,-0.024643066,0.376797173,0.163538542,-0.621132246,-0.35626493,-0.292022072,-0.205704019,-0.696079591,0.150355273,-0.318234281,-0.025790589,-0.203979335,0.340582887,-0.320433856,0.273639395,-0.472907153,-0.171855697,0.717458926,-0.403828911,-0.054309552,0.650514564,-0.861525586,-0.535984652,-0.593025552,0.870806894,-0.240125221,-0.315610036
S60,0,0.311913849,3905,1.385,20.99,43860,0.2641,3.581,9.09,9.761,6943,1.182638937,0,0.4597,836.2,26180,173.5,143,7.544,1.616394018,0.346573515,3.034,0.195633385,26.86,13.02,29.97,0,0.473172668,0.141278928,1.913978806,8.83,42.39,-82.5,2.4,1.62,5,20.49,3.20E-16,3.20E-16,3.20E-16,3.20E-16,3.147876741,4.424571275,0.199584975,0.672173497,1.396185513,3.20E-16,3.20E-16,5.31194029,4.874712336,1.027561508,0.199584975,3.20E-16,3.88E-09,3.88E-09,3.88E-09,3.88E-09,0.384845638,0.456260957,0.096903984,0.177835476,0.256300394,3.88E-09,3.88E-09,0.499924363,0.478908125,0.219877922,0.096903984,3.88E-09,-1.017336824,-0.411060294,-0.180765043,-0.183688657,0.486845892,0.896753986,-0.295339519,-0.271185597,-0.094930903,-0.097243964,-0.56676425,-0.283531125,-0.318234281,0.506024324,0.011666002,1.609289464,0.172396433,0.48640547,-0.41631948,-0.316480564,-0.239582016,-0.486878319,-0.618059285,0.733638416,-0.391811528,-0.316530241,-0.593025552,-0.248249667,-0.592318467,-0.570469188
S61,0.475951347,0.497197986,9367,1.697,27.91,52770,0.2773,5.347,12.61,23.09,13290,2.671733154,0,0.4899,2091,24340,323.5,208.1,15.43,3.851744186,0.491717443,8.846,1.56457415,14.07,24.54,46.93,0.168532866,3.977728158,1.131856244,7.691117456,8.6,42.37,-82.54,2.25,2.05,5.8,20.63,3.20E-16,3.20E-16,3.20E-16,3.20E-16,3.531112527,2.349033325,1.445799753,0.896906507,1.326894348,3.20E-16,3.20E-16,5.590909635,5.131413505,3.20E-16,3.20E-16,3.20E-16,3.98E-09,3.98E-09,3.98E-09,3.98E-09,0.41735607,0.340404698,0.267057654,0.210341295,0.255840401,3.98E-09,3.98E-09,0.525160668,0.503117544,3.98E-09,3.98E-09,3.98E-09,0.990657148,-0.15795365,1.229911065,0.04696599,0.710480081,1.271380476,-0.246422025,0.739745577,0.419501054,0.810336307,0.737154379,0.171680427,-0.318234281,0.575814088,1.300974884,1.445446314,1.640763847,1.577735881,0.804855169,1.265395973,-0.085410954,0.61360849,0.894490208,0.244025479,1.074930418,0.393598844,0.026176631,1.84026359,1.297848662,0.471594963
S62,0.135691181,0.517882173,7099,1.556,22.52,39040,0.2302,5.04,13.56,16.3,11250,1.393143985,0,0.3129,1377,23190,272.8,168.6,12.97,2.461638469,0.785719319,7.89,0.343635568,11.38,18.11,38.13,0,1.511214536,0.56165562,1.942342556,8.69,42.35,-82.62,1.59,2.46,6.4,20.95,3.20E-16,3.20E-16,3.20E-16,3.20E-16,2.315355441,3.953138228,1.275278002,3.20E-16,3.20E-16,3.20E-16,3.20E-16,6.300872507,1.710493383,3.20E-16,3.20E-16,3.20E-16,4.54E-09,4.54E-09,4.54E-09,4.54E-09,0.385808603,0.504120168,0.286329112,4.54E-09,4.54E-09,4.54E-09,4.54E-09,0.636448721,0.331607062,4.54E-09,4.54E-09,4.54E-09,-0.361035198,-0.131666121,0.782891634,-0.053776294,0.541825393,0.66093513,-0.423347526,0.586033265,0.535488443,0.437457727,0.402482422,-0.202949531,-0.318234281,0.14479925,0.71322359,1.336629655,1.238647124,0.965156404,0.501939227,0.400618766,0.185525029,0.487640862,-0.386745902,0.087358709,0.365639232,0.063752794,-0.593025552,0.666620288,0.356320303,-0.561232144
S63,0,0.453548829,4714,3.021,18.3,28580,0.1011,3.778,9.871,12.28,10340,0.447863224,0,0.09245,871.9,14060,209,140.4,8.783,1.947250713,0.462473494,3.97,0.835827699,10.52,19.16,27.69,0,0.994427919,0.537886663,5.435608189,9.03,42.34,-82.53,0.73,1.95,5.6,21.11,1.794576317,3.20E-16,3.20E-16,3.20E-16,2.233797185,3.20E-16,3.20E-16,3.20E-16,3.20E-16,3.20E-16,3.20E-16,5.821596845,5.249332964,3.20E-16,3.20E-16,1.159995884,0.332223275,4.44E-09,4.44E-09,4.44E-09,0.370655935,4.44E-09,4.44E-09,4.44E-09,4.44E-09,4.44E-09,4.44E-09,0.598370469,0.568199895,4.44E-09,4.44E-09,0.267102106,-1.017336824,-0.214640059,0.122782108,0.796279515,0.380192306,0.029177751,-0.945421431,-0.140644155,0.033228188,0.139633386,0.233086982,-0.642749007,-0.318234281,-0.481648691,0.070454187,0.211634055,0.610716158,0.433095355,-0.163417146,-0.011459456,-0.115229985,-0.229535095,0.231890401,0.029992122,0.496448174,-0.440874224,-0.593025552,0.271391566,0.309924364,0.185084443
S64,0.213238954,0.296914912,3763,6.739,0.04745,27660,0.06866,3.89,8.613,13.73,12550,0.617159944,0.426475298,0.04047,555.4,11950,204.1,137.3,8.463,1.714960453,0.954475833,2.743,0.131368888,0,20.57,23.95,0,1.622161269,0.577193853,2.269032995,9.82,42.32,-82.59,-1.2,1.71,4,20.87,3.20E-16,3.20E-16,3.20E-16,3.20E-16,5.454739923,3.20E-16,3.20E-16,3.20E-16,3.20E-16,3.20E-16,3.20E-16,4.487265827,5.198269627,3.20E-16,3.20E-16,3.20E-16,4.60E-09,4.60E-09,4.60E-09,4.60E-09,0.600233371,4.60E-09,4.60E-09,4.60E-09,4.60E-09,4.60E-09,4.60E-09,0.54440739,0.585952638,4.60E-09,4.60E-09,4.60E-09,-0.020343145,-0.433090728,-0.240482072,2.02466833,-2.001437503,-0.037100682,-1.086240313,-0.068807139,-0.178180125,0.256339671,0.622095482,-0.545968226,1.957215877,-0.647791076,-0.563538932,-0.153929461,0.554832618,0.368237103,-0.225526853,-0.221752731,0.32152636,-0.579217137,-0.72756419,-1.917416857,0.661774339,-0.667991252,-0.593025552,0.740778227,0.38627008,-0.460830584
S65,0,0,1698,1.814,12.53,4533,0,2.39,3.354,4.737,3863,0.212996317,0,0.01494,195.9,2802,72.33,56.91,3.494,0.670045694,0,1.044,0.898154337,16.48,7.516,8.986,0,0.128333392,0.587241871,0.070312862,9.68,42.31,-82.64,1.51,0.67,1.2,20.15,3.20E-16,3.20E-16,3.20E-16,3.20E-16,3.797347749,3.20E-16,3.20E-16,3.20E-16,3.20E-16,3.20E-16,3.20E-16,3.20E-16,6.434359194,3.20E-16,1.385653692,3.20E-16,5.25E-09,5.25E-09,5.25E-09,5.25E-09,0.571724034,5.25E-09,5.25E-09,5.25E-09,5.25E-09,5.25E-09,5.25E-09,5.25E-09,0.74421585,5.25E-09,0.345361257,5.25E-09,-1.017336824,-0.931202903,-1.523209303,0.12663996,0.089863491,-3.700425838,-1.398944442,-1.204676415,-1.539675602,-0.80562369,-1.744080678,-0.797653379,-0.318234281,-0.732456759,-2.025980846,-3.41435453,-1.879648755,-2.178795756,-1.616215742,-1.466488367,-0.687740036,-1.325340679,0.298064898,0.362229554,-1.611008561,-2.156940686,-0.593025552,-0.705689106,0.405480837,-1.525553074
S66,0.938123137,0.11515299,6488,2.041,21.29,26730,0.1178,5.8,11.81,15.49,10780,0.267986424,0,0.0366,1459,10640,196.8,134.3,12.66,2.406140189,0.545718543,3.877,0.567291191,11.17,17.53,33.54,0,0.523993639,0.235178436,3.011652676,10.82,42.68,-82.68,1.83,2.41,2.7,21.52,3.20E-16,0.52953011,3.20E-16,3.20E-16,3.202259593,5.585162417,1.351688495,1.076317908,1.351688495,3.20E-16,3.20E-16,4.898442189,3.56860919,0.288924885,0.288924885,3.20E-16,3.80E-09,0.154646942,3.80E-09,3.80E-09,0.380298205,0.502243022,0.247078136,0.220478523,0.247078136,3.80E-09,3.80E-09,0.470354173,0.401462979,0.114232185,0.114232185,3.80E-09,2.395764743,-0.722385637,0.637780004,0.272190039,0.497921633,-0.106378894,-0.87453774,0.953488121,0.315365448,0.383453098,0.316777514,-0.758850491,-0.318234281,-0.660490764,0.794600764,-0.414966984,0.469051142,0.304071719,0.460030064,0.35921791,-0.031853102,-0.252831695,-0.081567248,0.073727031,0.290265805,-0.139130616,-0.593025552,-0.190072535,-0.353142054,-0.265622417
S67,0.182634627,0.653385918,4281,1.505,16.42,29280,0.397,3.926,8.57,13.58,8100,0.532955964,0,0.06324,828.2,19810,159.7,131.7,9.204,1.880744506,0,3.7,0.138464159,8.308,14.1,47.49,0,0.318652966,0.152548573,3.492849423,9.53,42.62,-82.73,2.2,1.88,3.7,20.46,0.582567986,0.582567986,3.20E-16,3.20E-16,4.122499655,3.20E-16,4.037635732,0.996406735,1.58016949,3.20E-16,3.20E-16,2.453547062,5.77429536,1.317615102,1.317615102,1.994606741,0.153391797,0.153391797,3.60E-09,3.60E-09,0.408046017,3.60E-09,0.403824251,0.200607495,0.252627523,3.60E-09,3.60E-09,0.314793695,0.482923485,0.230686994,0.230686994,0.283829459,-0.152122533,0.032161151,-0.032557214,-0.091589568,0.296422489,0.078193112,0.175404303,-0.04606573,-0.185886709,0.244812302,-0.257239506,-0.592767772,-0.318234281,-0.57401308,-0.001851434,0.98244993,-0.022606441,0.247300214,-0.084729115,-0.069924796,-0.687740036,-0.298424241,-0.715172648,-0.139890646,-0.210328032,0.412486906,-0.593025552,-0.438321682,-0.56259415,-0.157596298
S68,0,0.388337829,3741,1.383,19,23770,0.2956,3.598,7.253,11.04,6600,0.225434783,0,0.0416,732.8,16040,126.4,107.1,7.406,1.444353285,0.417849163,2.608,0.465661182,26.46,13.48,36.36,0,0.252192678,0.999794889,1.462139401,9.06,42.61,-82.73,1.8,1.44,3,21.53,3.20E-16,3.20E-16,3.20E-16,3.20E-16,4.612163162,3.20E-16,3.20E-16,3.20E-16,2.411694056,3.20E-16,3.20E-16,0.693572999,6.132079185,3.20E-16,1.794576317,3.20E-16,4.53E-09,4.53E-09,4.53E-09,4.53E-09,0.542971754,4.53E-09,4.53E-09,4.53E-09,0.39263229,4.53E-09,4.53E-09,0.210557636,0.626078491,4.53E-09,0.338692728,4.53E-09,-1.017336824,-0.302581524,-0.2499351,-0.185262602,0.409313148,-0.344110874,-0.179434353,-0.259701377,-0.440397724,0.029236582,-0.668507084,-0.788724597,-0.318234281,-0.644091807,-0.173923284,0.50784167,-0.572231713,-0.352593865,-0.446730356,-0.490709644,-0.161901,-0.624521163,-0.214449758,0.722115662,-0.31286079,-0.011514751,-0.593025552,-0.527029428,1.104403015,-0.731138115
S69,0,0.191139869,4302,1.17,20.25,20560,0.2091,3.717,7.222,11.47,6704,0.266168392,0,0.0359,826.4,14030,107.2,119.3,8.032,1.84144214,0,3.334,0.811177818,27.34,13.1,33.12,0.577688236,0.218418697,0.18363537,1.02373786,10.1,42.6,-82.68,1.86,1.84,1.2,22.89,3.20E-16,3.946466802,3.20E-16,3.20E-16,4.742376604,1.341269817,3.20E-16,0.690190835,1.911015109,3.20E-16,3.20E-16,3.350844299,5.416765154,1.654086861,0.690190835,1.155097584,3.59E-09,0.398124904,3.59E-09,3.59E-09,0.436428535,0.23209896,3.59E-09,0.166494431,0.277042998,3.59E-09,3.59E-09,0.366853141,0.466428546,0.257747389,0.166494431,0.215389464,-1.017336824,-0.596091053,-0.024667969,-0.360931482,0.458866329,-0.637980603,-0.504815601,-0.18048131,-0.446866857,0.068756921,-0.637109912,-0.760106234,-0.318234281,-0.662792928,-0.004910827,0.206831883,-0.958875054,-0.039729926,-0.312585421,-0.105113245,-0.687740036,-0.398410287,0.205096631,0.747249302,-0.377896588,-0.159024176,1.219710433,-0.573930571,-0.482083476,-0.918121913
S70,0,0,2501,3.029,16.81,9956,0,2.683,6.538,6.612,6151,0.31629469,0,0.02801,293.8,5750,85.98,72.51,5.327,0.719020335,0,1.807,0.165661158,23.31,11.77,16.86,0,0.493884789,0.296535639,0.045861967,10.25,42.56,-82.75,1.31,0.72,4.6,20.6,0.482151695,2.622632919,3.20E-16,3.20E-16,5.780526749,1.757429697,3.20E-16,1.757429697,0.842899039,3.20E-16,3.20E-16,3.775936826,4.435289923,3.20E-16,0.482151695,1.131244533,0.144573858,0.33718378,3.73E-09,3.73E-09,0.500589376,0.27601768,3.73E-09,0.27601768,0.191155017,3.73E-09,3.73E-09,0.404585469,0.438489227,3.73E-09,0.144573858,0.221450246,-1.017336824,-0.931202903,-0.899053087,0.800008495,0.314520139,-2.106861091,-1.398944442,-0.947660484,-0.596174516,-0.487142142,-0.809991753,-0.726126643,-0.318234281,-0.688849729,-1.457778961,-1.798484073,-1.475589276,-1.480894893,-0.977347248,-1.392449785,-0.687740036,-0.934126816,-0.668379326,0.625033347,-0.620191634,-1.211593574,-0.593025552,-0.22430084,-0.206487741,-1.547590121
S72,0,0,3728,2.469,17.23,9089,0,3.652,8.106,9.259,6954,0.165943181,0,0.02212,633.2,4911,84.86,82.54,6.621,1.07155989,0,3.472,0.156452321,25.97,12.47,21.42,0.261273884,0.129327279,0.153585733,1.474189405,10.98,42.56,-82.81,1.3,1.07,3.4,21.84,0.557481764,3.20E-16,3.20E-16,3.20E-16,3.623018727,5.487612545,0.305502547,1.272079545,3.20E-16,3.20E-16,3.20E-16,4.008481477,4.789256798,3.20E-16,0.958580073,3.20E-16,0.162923926,3.91E-09,3.91E-09,3.91E-09,0.415341018,0.51116517,0.120608232,0.246108531,3.91E-09,3.91E-09,3.91E-09,0.436877295,0.477533227,3.91E-09,0.213640572,3.91E-09,-1.017336824,-0.931202903,-0.255547138,0.519240367,0.333571968,-2.291404761,-1.398944442,-0.223501722,-0.271321112,-0.151046723,-0.563585143,-0.832278708,-0.318234281,-0.708432215,-0.379286489,-2.153036194,-1.506265382,-1.106669955,-0.629824743,-0.91459528,-0.687740036,-0.359752537,-0.684100046,0.707769346,-0.48968194,-0.841848263,0.3298092,-0.704178828,-0.559873203,-0.726482524
S74,0,0,4084,1.271,17.39,14180,0.1602,3.722,9.263,9.342,6375,0.174723125,0,0.03496,715,8204,117.4,106.9,7.4,1.506361527,0,4.297,0.326381223,23.96,13.12,27.65,0,0.212754824,0.232359479,2.227196016,9.19,42.54,-82.78,1.65,1.51,4.9,20.65,2.813555627,1.812524025,3.20E-16,3.20E-16,5.062297042,3.328438136,0.587377054,2.46535105,3.20E-16,3.20E-16,3.20E-16,4.07289004,4.801387467,3.20E-16,1.705450047,3.20E-16,0.324926469,0.260794978,3.47E-09,3.47E-09,0.435844079,0.353408981,0.148462177,0.304156234,3.47E-09,3.47E-09,3.47E-09,0.390938714,0.424463856,3.47E-09,0.252974554,3.47E-09,-1.017336824,-0.931202903,-0.108508008,-0.275579966,0.340714577,-1.390516295,-0.69922169,-0.177196642,-0.065707054,-0.141971797,-0.738161331,-0.825712927,-0.318234281,-0.665886854,-0.208494446,-0.999478872,-0.745642143,-0.35801206,-0.448063868,-0.426538342,-0.687740036,-0.150947913,-0.412363556,0.646057906,-0.374430189,-0.443142855,-0.593025552,-0.581922966,-0.360053734,-0.473113341
S78,0.857535764,0.444842915,6472,1.697,21.58,33430,0.341,4.936,13.84,17.01,10850,2.525314514,0,0.1122,1295,20420,206.1,143.5,12.68,2.605415861,0.443816562,8.683,0.847177389,10.76,17.91,43.52,0.746311152,2.429757367,0.965164889,2.372226954,9.42,42.41,-82.86,2.06,2.61,5,18.9,0.744742945,1.23349013,3.20E-16,3.20E-16,5.003650854,4.047934477,2.518467089,3.20E-16,1.597901556,3.20E-16,3.20E-16,5.003650854,3.859324912,3.20E-16,3.20E-16,3.20E-16,0.176122439,0.226662321,3.65E-09,3.65E-09,0.456514935,0.410608777,0.323876645,3.65E-09,0.257980275,3.65E-09,3.65E-09,0.456514935,0.400928716,3.65E-09,3.65E-09,3.65E-09,2.17671134,-0.226149704,0.633798898,0.04696599,0.508487387,0.346689858,-0.017248146,0.532183979,0.568232548,0.482754799,0.329776179,0.13606534,-0.318234281,-0.420586582,0.626852403,1.050635169,0.577801815,0.496546986,0.462762447,0.504862203,-0.134566988,0.593020294,0.244106482,0.046421252,0.339909966,0.273591965,1.623417005,1.201329192,1.051560479,-0.431193898
S79,0.219358739,0.938279883,2838,2.595,6.916,17700,0.1253,3.114,9.413,8.365,7717,0.956313486,0,0.02416,392.4,7925,114.8,95.56,7.195,1.16723767,0,3.193,0.296886173,3.64,14.01,55.33,0.667229185,0.879484622,0.152916536,1.723449142,9.33,42.39,-82.88,1.11,1.17,4,19.23,3.20E-16,3.20E-16,3.20E-16,3.20E-16,5.884219765,3.20E-16,3.20E-16,3.20E-16,3.20E-16,3.20E-16,3.20E-16,3.797347749,4.908441047,3.20E-16,3.20E-16,3.20E-16,4.69E-09,4.69E-09,4.69E-09,4.69E-09,0.635062793,4.69E-09,4.69E-09,4.69E-09,4.69E-09,4.69E-09,4.69E-09,0.510167057,0.580021399,4.69E-09,4.69E-09,4.69E-09,0.005608905,0.336742989,-0.695283088,0.586176661,-0.348269806,-0.941380609,-0.84304767,-0.604545138,-0.040764459,-0.253730457,-0.354514339,-0.379340603,-0.318234281,-0.701637081,-1.051578097,-1.077261945,-0.798198432,-0.682896447,-0.494207168,-0.798936445,-0.687740036,-0.439201165,-0.456936744,-0.694580107,-0.224947735,0.65618119,1.439175556,0.169569972,-0.561628533,-0.634951103
S8,0,0,2840,0,26.81,26590,0.3768,2.926,6.214,5.614,6377,0.123376883,0,0.03534,521.3,12120,125.6,94.48,4.805,1.004333513,0,4.814,0.169856144,38.08,12.52,28.53,0.735888266,0.341662829,0.221126928,2.1303007,9.77,42.95,-82.43,1.6,1,2.4,19.85,1.349358266,3.20E-16,3.20E-16,3.20E-16,4.616440732,0.389123498,0.695276782,3.20E-16,3.20E-16,3.20E-16,0.389123498,1.514796483,6.16787638,0.947697998,3.20E-16,3.20E-16,0.289774282,4.46E-09,4.46E-09,4.46E-09,0.535981542,0.15561087,0.208005618,4.46E-09,4.46E-09,4.46E-09,0.15561087,0.307024721,0.619532411,0.242846128,4.46E-09,4.46E-09,-1.017336824,-0.931202903,-0.694147457,-1.814429809,0.678772478,-0.117016135,0.106817069,-0.74956532,-0.671696474,-0.64541727,-0.737531419,-0.864827998,-0.318234281,-0.66463578,-0.652577604,-0.122172214,-0.587141728,-0.715805461,-1.13815844,-0.999102322,-0.687740036,-0.03609243,-0.661259053,1.003285346,-0.480621003,-0.393949812,1.59961723,-0.408648081,-0.387752263,-0.502183082
S80,0.643219188,0.279339283,6408,1.771,20.1,35250,0.202,4.026,12.85,17.94,11110,0.415277596,0,0.272,1271,18170,221.7,127,12.08,2.373866338,0.842879944,7.438,0.941718224,11.08,18.71,34.25,0,0.526684844,0.243134138,2.539965788,9.53,42.36,-82.9,1.3,2.37,6,18.22,0.920565533,3.20E-16,3.20E-16,3.20E-16,3.754887502,3.20E-16,3.20E-16,0.920565533,3.20E-16,3.20E-16,3.20E-16,4.700439718,5.926507798,3.20E-16,3.20E-16,0.920565533,0.231727304,4.32E-09,4.32E-09,4.32E-09,0.468002657,4.32E-09,4.32E-09,0.231727304,4.32E-09,4.32E-09,4.32E-09,0.523623461,0.587962034,4.32E-09,4.32E-09,0.231727304,1.544383343,-0.459232333,0.617775455,0.097749822,0.453076148,0.454073111,-0.532549042,0.016243405,0.449550126,0.539458472,0.377333526,-0.662671067,-0.318234281,0.036942199,0.600537056,0.788166838,0.749699251,0.14179301,0.379000283,0.334830786,0.232979353,0.423284847,0.343040528,0.067812727,0.441241672,-0.106044808,-0.593025552,-0.187046117,-0.333720552,-0.384903178
S81,0.739419136,0.115159325,3275,1.161,10.77,12090,0,3.081,8.898,6.338,5696,0.123281933,0,0.02038,280.5,8884,86.57,85.44,7.057,0.942177344,0.246795177,1.283,0.191122959,5.577,11.44,12.19,0,0.114545829,0.124424638,0.366123362,9.16,42.34,-82.95,-1.08,0.94,1.8,18.84,1.330645312,3.20E-16,3.20E-16,3.20E-16,5.872231803,3.20E-16,3.20E-16,3.20E-16,3.20E-16,3.20E-16,3.20E-16,3.871485259,4.741875508,3.20E-16,1.330645312,3.20E-16,0.278572704,4.32E-09,4.32E-09,4.32E-09,0.585206311,4.32E-09,4.32E-09,4.32E-09,4.32E-09,4.32E-09,4.32E-09,0.475166933,0.525874945,4.32E-09,0.278572704,4.32E-09,1.837838207,-0.722374752,-0.464405635,-0.368728897,-0.024042529,-1.713498242,-1.398944442,-0.629514923,-0.127956794,-0.528428727,-0.964317774,-0.864901973,-0.318234281,-0.71423879,-1.522771033,-0.820461544,-1.459588015,-1.006826284,-0.525924209,-1.079796737,-0.35553137,-1.188959682,-0.625550613,-0.416610372,-0.684219852,-1.704454235,-0.593025552,-0.726778575,-0.637324865,-1.292852686
S82,0.34649366,0.499621782,2944,1.716,18.21,29040,0.1316,2.609,9.741,8.088,7051,0.631371722,0,0.04677,429.7,12870,130.2,111.9,6.377,1.132075472,0.748831552,2.364,0.135323874,25.26,14.01,15.42,0,0.257137788,0.961552868,1.599816092,10.01,42.35,-82.92,1.21,1.13,2.5,18.14,0.958580073,3.20E-16,3.20E-16,3.20E-16,4.312369266,3.20E-16,3.20E-16,3.20E-16,3.20E-16,2.515253529,3.20E-16,4.090661723,5.917287628,3.20E-16,3.20E-16,3.20E-16,0.232100218,4.24E-09,4.24E-09,4.24E-09,0.49228808,4.24E-09,4.24E-09,4.24E-09,4.24E-09,0.375969169,4.24E-09,0.47946635,0.5766638,4.24E-09,4.24E-09,4.24E-09,0.517165738,-0.154854526,-0.636170253,0.060136818,0.376371788,0.061521112,-0.816757782,-1.010588993,0.012547599,-0.287544443,-0.535766919,-0.538310564,-0.318234281,-0.627217858,-0.924049967,0.012814041,-0.502664159,-0.225479247,-0.690596914,-0.840837336,0.154087688,-0.710880731,-0.720647447,0.686512513,-0.224947735,-1.348284264,-0.593025552,-0.520268642,1.045995295,-0.679253321
S83,0.245486632,0.456532865,5014,3.808,0.1239,43520,0.08775,4.226,13.97,37.42,20530,0.267891257,0,0.2287,690.9,14980,254.9,188.8,13.54,1.946576261,0.131412677,89.56,0.12795877,0.08719,15.43,92.49,0.176312417,0.844183971,0.442534255,24.38463641,9.6,42.32,-83.05,-1.44,1.95,11,18.48,3.20E-16,5.531791842,3.20E-16,3.20E-16,1.634715536,3.976074161,3.20E-16,3.20E-16,3.20E-16,3.235888264,3.976074161,1.634715536,3.526859546,1.037474705,3.20E-16,1.037474705,3.54E-09,0.464931215,3.54E-09,3.54E-09,0.25274169,0.394169511,3.54E-09,3.54E-09,3.54E-09,0.355592465,0.394169511,0.25274169,0.371235819,0.201346715,3.54E-09,0.201346715,0.114963214,-0.210710874,0.222254297,1.131641001,-1.943856437,0.880990018,-1.002863495,0.137226301,0.583225716,1.336032032,1.610536239,-0.75891618,-0.318234281,-0.081090528,-0.256696761,0.354130987,1.078614383,1.294394029,0.576626305,-0.012045716,-0.501787188,3.350248125,-0.73354747,-1.850808545,-0.003889405,1.479978064,0.052556893,0.137046025,0.116299471,1.49369147
S84,0.189414191,0.911912962,15810,3.85,0.065,39080,0.4545,9.501,27.04,43.04,24500,2.929216199,0,0.2985,3216,25690,399.9,226.8,30.01,6.236389627,0.427188669,15.93,0.416797169,0,37.5,90.43,0,0.889299557,0.641465744,7.642277329,9.9,42.35,-82.99,0.63,6.24,2.1,18.43,3.20E-16,1.547487795,1.547487795,3.20E-16,3.976692627,1.190331212,1.547487795,3.20E-16,3.20E-16,3.20E-16,3.20E-16,2.276840205,6.235707425,3.20E-16,3.20E-16,3.20E-16,4.18E-09,0.290620847,0.290620847,4.18E-09,0.465880099,0.254886632,0.290620847,4.18E-09,4.18E-09,4.18E-09,4.18E-09,0.352516479,0.583386013,4.18E-09,4.18E-09,4.18E-09,-0.122638675,0.310501584,2.07395395,1.147958762,-1.987855834,0.663009533,0.365342681,2.300759589,1.662050867,1.489782954,1.965589959,0.230997415,-0.318234281,0.10721324,1.906804588,1.566810406,2.141201273,1.828348656,1.991145513,2.289471991,-0.152012752,1.282087022,-0.281657068,-1.917416857,2.078612052,1.443748517,-0.593025552,0.178504379,0.507096709,0.466221118
S85,0.178819151,0.246376241,4024,2.781,0.2545,17360,2.621,4.843,67.53,108.6,11080,0.158168632,0.244288838,6.297,586.1,7861,137.5,126.6,31.46,3.755394877,0,165.2,0.291837285,1.662,17.06,161.7,3.425457466,75.25439174,6.562741916,151.1594714,9.53,42.34,-83.01,1.42,3.76,5.2,18.77,3.20E-16,3.20E-16,3.20E-16,3.20E-16,4.097248601,3.20E-16,3.20E-16,3.20E-16,3.20E-16,3.20E-16,3.20E-16,3.787632781,6.146384584,3.20E-16,1.163285804,3.20E-16,4.59E-09,4.59E-09,4.59E-09,4.59E-09,0.519280735,4.59E-09,4.59E-09,4.59E-09,4.59E-09,4.59E-09,4.59E-09,0.499275191,0.636012892,4.59E-09,0.276693698,4.59E-09,-0.168790187,-0.509243945,-0.132369297,0.680817779,-1.85400028,-0.980668821,4.660372109,0.48322515,3.198229331,2.516596337,0.371903262,-0.838134045,1.081885735,5.990328021,-0.48792761,-1.095490579,-0.374499468,0.132635494,2.076491879,1.214014599,-0.687740036,4.099085569,-0.464668168,-1.137302822,0.227436125,2.380892084,5.320238767,6.521582592,5.128257912,3.201362993
S87,0.282111672,0.148687768,5355,3.794,0.07354,40190,0.1433,4.538,15.35,34.27,20810,0.611371332,0,0.09966,969.7,11410,287,160,17.46,3.033805743,0.115141643,35.25,0.258986857,0.09348,23.03,73.68,0,0.524316494,0.528361662,8.138957247,9.45,42.29,-83.09,-1.1,3.03,10.4,18.29,3.20E-16,3.854149134,3.20E-16,3.20E-16,1.547487795,5.371022644,3.20E-16,3.20E-16,3.20E-16,2.276840205,3.648288436,3.20E-16,3.854149134,3.20E-16,3.20E-16,4.034269902,3.61E-09,0.395930072,3.61E-09,3.61E-09,0.250881043,0.467393558,3.61E-09,3.61E-09,3.61E-09,0.304313001,0.385211119,3.61E-09,0.395930072,3.61E-09,3.61E-09,0.40507618,0.26445088,-0.665620108,0.328337325,1.126170055,-1.981327606,0.719742823,-0.768319719,0.317009891,0.734807811,1.239689582,1.637742512,-0.549106581,-0.318234281,-0.459230156,0.21996076,-0.257887954,1.358326554,0.812901314,1.022423564,0.792458034,-0.52360382,2.221066751,-0.515722588,-1.846211987,0.925892107,1.114700598,-0.593025552,-0.189709183,0.291130419,0.519507786
S89,0.363988856,0.374553236,19760,3.504,0.08434,49640,0.4264,9.653,29.14,46.67,25050,0.337933582,0,0.5164,4319,22390,424.9,205.8,31.58,4.019180644,0.152672178,17.74,0.322355549,0,43.52,107.5,0.913653488,5.349187855,6.958312812,6.263300131,9.37,42.2,-83.11,1.72,4.02,8,19.17,3.20E-16,0.992840208,3.20E-16,3.20E-16,3.794029758,3.20E-16,3.20E-16,3.20E-16,3.20E-16,3.20E-16,3.20E-16,2.31045531,6.360857947,3.20E-16,0.992840208,3.20E-16,4.71E-09,0.262114095,4.71E-09,4.71E-09,0.512390494,4.71E-09,4.71E-09,4.71E-09,4.71E-09,4.71E-09,4.71E-09,0.399852194,0.663450531,4.71E-09,0.262114095,4.71E-09,0.583751774,-0.32169929,2.433569959,1.009100198,-1.973145736,1.147519303,0.273477425,2.345315572,1.786199969,1.578983567,2.010177673,-0.711856167,-0.318234281,0.635897908,2.321841567,1.257700022,2.284384564,1.545374908,2.083383337,1.352306116,-0.473749946,1.407357646,-0.418388445,-1.917416857,2.433901407,1.722088636,1.98722233,2.257695675,5.282483364,0.30045712
S9,0.187726722,0.176791529,2969,1.401,18.75,26560,0.3715,2.875,7.556,12.65,8280,0.981846934,0,0.037,543.9,11420,139.8,91.99,5.43,0.77092511,0.681613376,5.973,0.327837212,13.79,15.3,30.06,0.217882331,0.926447778,0.343125629,4.73468951,9.72,42.94,-82.45,1.59,0.77,5.5,19.85,3.20E-16,3.20E-16,3.20E-16,3.20E-16,5.337590496,3.20E-16,3.20E-16,3.20E-16,3.20E-16,2.385528257,3.20E-16,3.20E-16,5.768743473,1.268105395,1.268105395,3.20E-16,4.47E-09,4.47E-09,4.47E-09,4.47E-09,0.577074614,4.47E-09,4.47E-09,4.47E-09,4.47E-09,0.385790587,4.47E-09,4.47E-09,0.59992914,0.281278812,0.281278812,4.47E-09,-0.129961625,-0.619309929,-0.62253876,-0.171144409,0.399031538,-0.11930283,0.088654736,-0.790104369,-0.378416936,0.170582174,-0.213100869,-0.367991691,-0.318234281,-0.65917594,-0.592941701,-0.255918459,-0.335515404,-0.793119901,-0.947188864,-1.316249372,0.095057554,0.188093805,-0.410189002,0.229081994,-0.023316378,-0.311811755,0.190627269,0.211904704,-0.099693357,0.07512357
S90,0.296774167,0.569788166,3947,1.761,0,24270,0.8422,4.04,77.84,216.4,15110,0.577919575,0,0.424,581.3,7819,241.6,159.2,37.87,1.873158898,0.169355742,168.2,0.142816795,0.4213,14.71,332,0,0.451938636,0.336813738,275.5718682,9.4,42.3,-83.09,-1.05,1.87,8.5,18.92,3.20E-16,2.299118212,3.20E-16,3.20E-16,1.565979397,3.674088391,3.20E-16,0.725605732,3.20E-16,3.20E-16,3.20E-16,3.814744761,6.121584303,3.20E-16,3.20E-16,3.20E-16,4.20E-09,0.355411589,4.20E-09,4.20E-09,0.29332154,0.449288947,4.20E-09,0.199664698,4.20E-09,4.20E-09,4.20E-09,0.457808315,0.579939716,4.20E-09,4.20E-09,4.20E-09,0.323103222,-0.067244619,-0.163517862,0.090966944,-2.039329996,-0.301944037,1.47807321,0.024867606,3.439147146,3.287942173,0.994913373,-0.567466587,-0.318234281,0.421637808,-0.499485029,-1.107533941,0.952283379,0.798326817,2.413056859,-0.076678852,-0.452107279,4.121148865,-0.707609147,-1.63728975,-0.113477859,3.545519038,-0.593025552,-0.273154076,-0.11394268,3.771171622
S93,0,0.151122648,27100,3.959,0.2061,6863,0,12.67,34.2,38.11,29640,0.154934669,0,0.07159,4802,8642,177.9,137.8,33.45,3.556353107,0,5.508,0.362215348,0.1568,50.89,81.37,0,0.519318675,0.438237218,0.219318695,9.81,42.21,-83.12,0.29,3.56,1.6,19.12,3.20E-16,2.782901878,5.586729427,3.20E-16,2.782901878,3.20E-16,2.782901878,3.20E-16,3.20E-16,3.20E-16,3.20E-16,2.782901878,2.782901878,3.20E-16,4.616440732,3.20E-16,3.64E-09,0.339688768,0.481294678,3.64E-09,0.339688768,3.64E-09,0.339688768,3.64E-09,3.64E-09,3.64E-09,3.64E-09,0.339688768,0.339688768,3.64E-09,0.437507872,3.64E-09,-1.017336824,-0.661563257,2.942925076,1.189656777,-1.886160044,-2.860394285,-1.398944442,3.118437407,2.052978645,1.356078678,2.348092691,-0.840581261,-0.318234281,-0.547353204,2.471050893,-0.882549801,0.231338989,0.378795845,2.187613892,1.10448896,-0.687740036,0.10297926,-0.359525637,-1.801359149,2.80852837,1.274067254,-0.593025552,-0.195342535,0.107275046,-1.401261184
S94,0.314338617,0.425733168,16730,3.531,0.1305,42610,0.4215,8.608,23.91,39.17,21870,2.363368264,0,0.3821,3836,19230,372.4,194.7,25.7,5.030908852,0.128715947,14.2,0.475793637,0,39.53,92.27,0,0.928185634,0.497181763,6.649675446,9.66,42.16,-83.12,1.17,5.03,1.8,19.45,1.377092695,3.20E-16,3.20E-16,3.20E-16,4.731134649,3.20E-16,3.20E-16,3.20E-16,3.20E-16,3.20E-16,3.20E-16,4.112193826,5.84673201,3.20E-16,3.20E-16,3.20E-16,0.292760257,4.47E-09,4.47E-09,4.47E-09,0.542641728,4.47E-09,4.47E-09,4.47E-09,4.47E-09,4.47E-09,4.47E-09,0.505903077,0.603235827,4.47E-09,4.47E-09,4.47E-09,0.392496976,-0.251658833,2.165158166,1.020313478,-1.939070503,0.838184531,0.257273092,2.025213539,1.458583728,1.386196188,1.73752315,0.094908045,-0.318234281,0.319854657,2.154922766,0.915642192,1.973001065,1.383959326,1.711668845,1.822690259,-0.505381256,1.149146856,-0.200794402,-1.917416857,2.204274381,1.476147166,-0.593025552,0.213451415,0.228779109,0.349880581
S95,0.138489165,0.155343875,6069,2.98,0.05008,22880,0.1839,4.933,10.12,19,11340,2.192358662,0,0.1857,1051,10780,173.7,113.1,12.92,1.831626441,0.34237867,9.164,0.389421217,0,17.25,42.22,0,2.24482644,0.856187862,9.744918838,4.46,42.18,-83.11,-1.02,1.83,10,19.36,3.20E-16,2.206161151,1.769618811,3.20E-16,3.566008175,3.411230196,3.20E-16,3.20E-16,3.20E-16,3.237829066,3.20E-16,1.769618811,5.818177891,3.20E-16,3.20E-16,3.040702337,3.59E-09,0.298142196,0.267020554,3.59E-09,0.37904956,0.37073223,3.59E-09,3.59E-09,3.59E-09,0.361186732,3.59E-09,0.267020554,0.484170503,3.59E-09,3.59E-09,0.350019132,-0.348343332,-0.654550394,0.530139492,0.777051293,-1.999387756,-0.42141076,-0.603997696,0.53061667,0.072157993,0.600787796,0.418484854,0.049238123,-0.318234281,-0.202495896,0.333193848,-0.385578778,0.175107724,-0.194545135,0.495242973,-0.113977459,-0.24428112,0.652811301,-0.320330292,-1.917416857,0.253030046,0.225403942,-0.593025552,1.106252277,0.878978879,0.673881025
S96,0,0.114318366,4151,3.546,29.05,17040,0,5.492,8.062,11.21,10140,0.223286114,0,0.01836,378.8,6956,200.1,173.3,9.755,0.558831596,0.212494385,4.694,0.18519617,39.16,14.67,31.33,0,0.153589776,0.117771236,2.903317829,9.94,42.07,-83.12,1.44,0.56,0.9,20.72,3.20E-16,3.20E-16,3.20E-16,3.20E-16,5.317915032,3.20E-16,3.20E-16,3.20E-16,3.20E-16,3.20E-16,3.20E-16,3.598259323,5.672425342,3.20E-16,3.20E-16,3.20E-16,4.69E-09,4.69E-09,4.69E-09,4.69E-09,0.603759383,4.69E-09,4.69E-09,4.69E-09,4.69E-09,4.69E-09,4.69E-09,0.496637405,0.623559055,4.69E-09,4.69E-09,4.69E-09,-1.017336824,-0.72382011,-0.082273622,1.02651424,0.742092228,-1.018355272,-1.398944442,0.809778579,-0.279647482,0.045027059,0.193861589,-0.790260496,-0.318234281,-0.720992188,-1.101108528,-1.370450466,0.508214526,1.04513448,0.013488883,-1.64301765,-0.397546389,-0.061814016,-0.63543761,1.025006211,-0.119712519,-0.246648511,-0.593025552,-0.667716845,-0.655277592,-0.29172821
S97,0.262175849,0.52256256,2720,2.31,0.03481,12140,0.09131,4.232,9.812,17.69,12640,0.821832133,0,0.06717,421.3,6719,105.3,96.62,7.556,1.254217287,0.183199583,6.968,0.129397423,0.09168,12.81,32.46,0.558219317,3.298744684,1.271948265,76.99896195,9.52,42.23,-83.14,1.48,1.25,1.7,18.93,1.348454389,0.599759503,3.20E-16,3.20E-16,3.038523072,3.20E-16,3.20E-16,3.20E-16,3.20E-16,3.20E-16,3.20E-16,3.126305317,6.203209231,3.20E-16,3.126305317,1.83887901,0.264452968,0.176367632,4.08E-09,4.08E-09,0.396973561,4.08E-09,4.08E-09,4.08E-09,4.08E-09,4.08E-09,4.08E-09,0.402666972,0.567203013,4.08E-09,0.402666972,0.308821048,0.183619165,-0.125767529,-0.763741689,0.431215192,-2.011361119,-1.705138598,-0.987476969,0.140783844,0.023873205,0.52449394,0.63644633,-0.441670869,-0.318234281,-0.561439395,-0.95177835,-1.4483796,-1.000808258,-0.650952844,-0.41369831,-0.698140064,-0.434381568,0.352601905,-0.731021054,-1.847524671,-0.428719471,-0.190785688,1.170345179,1.588708997,1.490375299,2.564143281
S98,0.833565627,0.663222336,11130,3.168,0.1467,47800,2.524,7.337,65.47,60.39,27240,1.495529474,0,0.4138,2275,18340,294.2,197.8,40.24,7.146525501,0.183323634,46.45,0.346324825,0.3045,29.28,230.2,0,0.972554668,0.291864755,55.70282538,9.97,42.17,-83.16,2.02,7.15,0.9,19.76,3.20E-16,3.20E-16,3.20E-16,3.20E-16,1.173097853,3.20E-16,3.20E-16,3.20E-16,3.20E-16,3.20E-16,3.20E-16,4.318780083,6.336080528,3.20E-16,3.20E-16,3.20E-16,5.20E-09,5.20E-09,5.20E-09,5.20E-09,0.314928689,5.20E-09,5.20E-09,5.20E-09,5.20E-09,5.20E-09,5.20E-09,0.604262509,0.731906238,5.20E-09,5.20E-09,5.20E-09,2.109718938,0.043525575,1.507978067,0.86364367,-1.927440665,1.071007281,4.532505966,1.585289834,3.145763513,1.863853438,2.178506628,-0.166285267,-0.318234281,0.397138547,1.419653512,0.809103879,1.416772909,1.429942808,2.523591478,2.592939178,-0.434223671,2.553118363,-0.3827828,-1.705615718,1.491263719,2.952242602,-0.593025552,0.252475275,-0.217405335,2.260071188
S99,0.655186379,0.951854778,2826,1.214,15.12,14960,0.3079,4.025,12.26,12.72,8958,0.261462438,0,0.2046,360.1,6810,131.5,123.6,8.529,0.863939406,0,5.694,0.299568722,8.831,18.03,49.17,0.19691878,0.637274384,0.676699447,5.86729341,10.37,42.06,-83.19,-1.05,0.86,1.2,20.96,3.20E-16,3.20E-16,3.20E-16,3.20E-16,2.493040011,3.20E-16,3.20E-16,3.20E-16,3.20E-16,3.20E-16,3.20E-16,2.233797185,6.533978572,3.20E-16,3.20E-16,3.20E-16,5.33E-09,5.33E-09,5.33E-09,5.33E-09,0.470521744,5.33E-09,5.33E-09,5.33E-09,5.33E-09,5.33E-09,5.33E-09,0.445386391,0.761735027,5.33E-09,5.33E-09,5.33E-09,1.581811201,0.350114392,-0.702113721,-0.323270428,0.233028159,-1.282052346,-0.134939462,0.015626472,0.374715884,0.176342873,-0.055044376,-0.7633651,-0.318234281,-0.148600561,-1.172189687,-1.418137153,-0.479326509,0.063024972,-0.212546546,-1.185122132,-0.687740036,0.137733081,-0.452841161,-0.096333291,0.355379986,0.467869305,0.121598264,-0.067085501,0.57134114,0.246994927
UBC1,0,12.13555869,6757,1.581,21.01,43310,0.5146,5.263,12.8,16,10700,16.81698803,0,0.8011,1513,24170,192.8,189,13.51,2.89,11.86606717,7.165,4.612586998,13.1,18.37,46.74,0,0,0,18.2404935,8.75,42.55,-82.58,2.02,2.89,0.5,23.42,3.20E-16,3.20E-16,4.384489433,3.20E-16,5.8320269,0.360747344,3.628031223,3.20E-16,2.800311645,3.20E-16,3.20E-16,2.315355441,1.579487371,0.649092838,3.20E-16,3.20E-16,3.86E-09,3.86E-09,0.451066413,3.86E-09,0.520224421,0.129384588,0.41031414,3.86E-09,0.360482477,3.86E-09,3.86E-09,0.327785555,0.270731665,0.173553903,3.86E-09,3.86E-09,-1.017336824,4.002864211,0.703281322,-0.035515081,0.487588963,0.871191807,0.55600653,0.698439106,0.443333072,0.417756687,0.30181815,1.554032241,-0.318234281,1.222277477,0.84573135,1.429688339,0.420694871,1.297475466,0.572768989,0.699470074,3.159716263,0.382723176,2.44688513,0.191014432,0.398687629,0.38714022,-0.593025552,-0.912801333,-0.992073942,1.229426391
UCC1,0,4.319791956,5945,2.26,23.62,50540,0.5658,5.303,11.4,15.81,10730,20.67176244,0,0.6374,1425,21840,208.9,209.8,13.85,3.12,3.740393662,6.243,2.619405371,14.82,17.04,45.9,0,0,0,16.15358145,7.97,42.6,-82.53,1.81,3.12,0.6,23.18,3.20E-16,3.20E-16,2.280517175,0.716408711,5.53910893,3.20E-16,3.20E-16,1.382787334,3.20E-16,3.20E-16,3.20E-16,3.251098005,5.353019144,3.20E-16,3.20E-16,3.20E-16,4.16E-09,4.16E-09,0.350882511,0.196664276,0.546845951,4.16E-09,4.16E-09,0.273226453,4.16E-09,4.16E-09,4.16E-09,0.418947959,0.537581663,4.16E-09,4.16E-09,4.16E-09,-1.017336824,2.271101679,0.496855702,0.402658443,0.579186066,1.183916749,0.71255983,0.718177503,0.259446551,0.40509872,0.307440977,1.725444892,-0.318234281,0.897533715,0.761427903,1.201782571,0.609588767,1.601426895,0.616025574,0.846617051,1.655922331,0.234946998,1.577347375,0.282724469,0.224726381,0.358274821,-0.593025552,-0.912801333,-0.992073942,1.119944818
UCE1,0,0.552416711,7050,4.475,0.0001,38090,0.3449,6.232,11.86,14.62,14270,6.736695494,0,0.2528,1433,16430,292.3,192.7,15.24,2.21,1.958172169,11.86,0.896698385,0.001,20.34,39.66,0,0.930022448,0,4.124299298,7.48,42.63,-82.49,1.22,2.21,4.5,22.17,1.180035029,3.20E-16,3.103487016,1.820340564,5.50156008,3.20E-16,3.362147287,2.600101098,3.20E-16,3.172627944,3.20E-16,3.20E-16,4.351153574,1.180035029,1.180035029,3.20E-16,0.207330994,3.42E-09,0.336234093,0.25750941,0.447671772,3.42E-09,0.349965432,0.307759805,3.42E-09,0.339958851,3.42E-09,3.42E-09,0.398124576,0.207330994,0.207330994,3.42E-09,-1.017336824,-0.088564395,0.771723869,1.375372656,-2.039248263,0.611033194,-0.003572922,1.144450982,0.322062042,0.32241005,0.880041909,0.823968659,-0.318234281,-0.014891876,0.769303896,0.561851813,1.401489191,1.35390437,0.783132193,0.207294118,0.945726064,0.942970625,0.296543996,-1.916620471,0.635557581,0.126120219,-0.593025552,0.215084685,-0.992073942,-0.032193076
UJC1,0,11.24304761,5070,2.713,19.72,45230,0.6496,5.213,11.22,17.55,9677,56.89654647,0,0.8361,1067,20430,190.2,172.9,13.93,3.44,16.21005841,7.143,7.056736005,12.14,15.82,57.93,0,0,0,23.59127889,7.22,42.58,-82.45,2.3,3.44,1,22.48,3.20E-16,3.20E-16,3.20E-16,3.20E-16,4.012355443,3.20E-16,3.20E-16,1.816778176,3.20E-16,3.20E-16,3.20E-16,3.174330181,6.234806447,3.20E-16,3.20E-16,3.20E-16,4.59E-09,4.59E-09,4.59E-09,4.59E-09,0.513135267,4.59E-09,4.59E-09,0.345289297,4.59E-09,4.59E-09,4.59E-09,0.456413218,0.639651838,4.59E-09,4.59E-09,4.59E-09,-1.017336824,3.86805228,0.240161556,0.646768895,0.438221443,0.95905893,0.958068453,0.673588074,0.234310244,0.516026125,0.100002974,2.58544774,-0.318234281,1.287868892,0.354444517,1.051735911,0.388725094,1.038412307,0.626059625,1.038225771,3.597839758,0.37939564,3.163396742,0.134830136,0.053482383,0.729553134,-0.593025552,-0.912801333,-0.992073942,1.463412886